20 3000
20 3000
20 3000
66 6200
13507.5
node_used：
18 0 0 0 27
node_vnf_demand：
0 0 0 0 0 0 0 0 0 0 967.5 936
node_vnf_count：
0 0 0 0 0 0 0 0 0 0 4 10
第1条服务链：1 0 1
路径分配成功！
第2条服务链：4 0 1
节点能用
路径分配成功！
第3条服务链：0 0 2
路径分配成功！
第4条服务链：3 0 2
节点能用
路径分配成功！
第5条服务链：2 0 1
节点能用
路径分配成功！
第6条服务链：2 0 1
节点能用
路径分配成功！
第7条服务链：0 0 2
路径分配成功！
第8条服务链：2 0 1
节点能用
路径分配成功！
第9条服务链：3 0 2
节点能用
路径分配成功！
第10条服务链：1 0 1
路径分配成功！
第11条服务链：2 0 1
节点能用
路径分配成功！
第12条服务链：1 0 1
路径分配成功！
第13条服务链：4 0 1
节点能用
路径分配成功！
第14条服务链：2 0 1
节点能用
路径分配成功！
第15条服务链：3 0 2
节点能用
路径分配成功！
第16条服务链：1 0 1
路径分配成功！
第17条服务链：1 0 1
路径分配成功！
第18条服务链：0 0 2
路径分配成功！
第19条服务链：1 0 1
路径分配成功！
第20条服务链：2 0 1
节点能用
路径分配成功！
第21条服务链：3 0 2
节点能用
路径分配成功！
第22条服务链：0 0 2
路径分配成功！
第23条服务链：2 0 1
节点能用
路径分配成功！
第24条服务链：2 0 1
节点不能用
节点能用
路径分配成功！
第25条服务链：3 0 2
节点不能用
节点能用
路径分配成功！
第26条服务链：2 0 1
节点不能用
节点能用
路径分配成功！
第27条服务链：2 0 1
节点不能用
节点能用
路径分配成功！
第28条服务链：2 0 1
节点不能用
节点能用
路径分配成功！
第29条服务链：3 0 2
节点不能用
节点能用
路径分配成功！
第30条服务链：2 0 1
节点不能用
节点能用
路径分配成功！
191.1
第 1 条服务链：1 1
demand：75
NF：41
single COST: 1.6
16 33 38 40 41 40 39 34 20 -1 0 0 0 0 0 0
第 2 条服务链：4 1
demand：150
NF：42
single COST: 2
17 33 38 37 30 42 30 37 39 35 24 -1 0 0 0 0
第 3 条服务链：0 2
demand：97.5
NF：41
single COST: 5.6
18 33 38 40 41 40 39 36 26 -1 0 0 0 0 0 0
第 4 条服务链：3 2
demand：45
NF：42
single COST: 8
19 34 39 37 30 42 30 37 39 36 26 -1 0 0 0 0
第 5 条服务链：2 1
demand：67.5
NF：42
single COST: 2
21 34 39 37 30 42 30 37 38 33 18 -1 0 0 0 0
第 6 条服务链：2 1
demand：90
NF：42
single COST: 1.8
21 34 39 37 30 42 30 37 28 2 0 0 0 0 0 0
第 7 条服务链：0 2
demand：112.5
NF：41
single COST: 5.6
23 35 39 40 41 40 38 32 13 -1 0 0 0 0 0 0
第 8 条服务链：2 1
demand：37.5
NF：42
single COST: 1.8
5 29 37 30 42 30 37 38 33 17 -1 0 0 0 0 0
第 9 条服务链：3 2
demand：60
NF：42
single COST: 7.8
26 36 39 37 30 42 30 37 29 5 0 0 0 0 0 0
第 10 条服务链：1 1
demand：75
NF：41
single COST: 1.6
7 30 37 40 41 40 39 34 19 -1 0 0 0 0 0 0
第 11 条服务链：2 1
demand：97.5
NF：42
single COST: 2
21 34 39 37 30 42 30 37 38 33 18 -1 0 0 0 0
第 12 条服务链：1 1
demand：105
NF：41
single COST: 1.6
21 34 39 40 41 40 39 35 22 -1 0 0 0 0 0 0
第 13 条服务链：4 1
demand：75
NF：42
single COST: 1.8
3 28 37 30 42 30 37 38 32 13 -1 0 0 0 0 0
第 14 条服务链：2 1
demand：75
NF：42
single COST: 1.4
25 36 39 37 30 42 30 7 0 0 0 0 0 0 0 0
第 15 条服务链：3 2
demand：82.5
NF：42
single COST: 8
26 36 39 37 30 42 30 37 39 36 25 -1 0 0 0 0
第 16 条服务链：1 1
demand：150
NF：41
single COST: 1.6
27 36 39 40 41 40 39 34 19 -1 0 0 0 0 0 0
第 17 条服务链：1 1
demand：60
NF：41
single COST: 1.6
18 33 38 40 41 40 38 31 10 -1 0 0 0 0 0 0
第 18 条服务链：0 2
demand：75
NF：41
single COST: 5.6
12 31 38 40 41 40 39 34 21 -1 0 0 0 0 0 0
第 19 条服务链：1 1
demand：142.5
NF：41
single COST: 1.6
23 35 39 40 41 40 37 28 3 -1 0 0 0 0 0 0
第 20 条服务链：2 1
demand：82.5
NF：42
single COST: 2
24 35 39 37 30 42 30 37 38 32 14 -1 0 0 0 0
第 21 条服务链：3 2
demand：75
NF：42
single COST: 8
15 32 38 37 30 42 30 37 39 36 25 -1 0 0 0 0
第 22 条服务链：0 2
demand：150
NF：41
single COST: 5.6
7 30 37 40 41 40 38 33 17 -1 0 0 0 0 0 0
第 23 条服务链：2 1
demand：105
NF：42
single COST: 1.4
9 30 42 30 37 38 33 18 -1 0 0 0 0 0 0 0
第 24 条服务链：2 1
demand：112.5
NF：43
single COST: 2
1 28 37 38 33 43 33 38 39 34 19 -1 0 0 0 0
第 25 条服务链：3 2
demand：45
NF：43
single COST: 8
1 28 37 38 33 43 33 38 39 34 21 -1 0 0 0 0
第 26 条服务链：2 1
demand：52.5
NF：43
single COST: 1.8
14 32 38 33 43 33 38 37 30 8 -1 0 0 0 0 0
第 27 条服务链：2 1
demand：120
NF：43
single COST: 1.2
14 32 38 33 43 33 18 0 0 0 0 0 0 0 0 0
第 28 条服务链：2 1
demand：75
NF：43
single COST: 2
6 29 37 38 33 43 33 38 39 34 19 -1 0 0 0 0
第 29 条服务链：3 2
demand：37.5
NF：43
single COST: 8
7 30 37 38 33 43 33 38 39 34 21 -1 0 0 0 0
第 30 条服务链：2 1
demand：56.25
NF：43
single COST: 2
19 34 39 38 33 43 33 38 37 30 8 -1 0 0 0 0

第 1 条服务链：1 1
demand：90
NF：41
single COST: 0
1 28 37 38 40 41 40 37 38 31 10 0 0 0 0 0
第 2 条服务链：0 2
demand：112.5
NF：41
single COST: 4
2 28 37 40 41 40 38 31 11 0 0 0 0 0 0 0
第 3 条服务链：1 1
demand：75
NF：41
single COST: 0
3 28 37 40 41 40 38 32 13 0 0 0 0 0 0 0
第 4 条服务链：2 1
demand：52.5
NF：45
single COST: 0
4 29 37 40 45 40 39 38 32 14 0 0 0 0 0 0
第 5 条服务链：3 2
demand：51
NF：45
single COST: 6
5 29 37 38 40 45 40 38 32 15 0 0 0 0 0 0
第 6 条服务链：4 1
demand：37.5
NF：45
single COST: 0
7 30 37 40 45 40 38 33 17 0 0 0 0 0 0 0
第 7 条服务链：4 1
demand：15
NF：45
single COST: 0
9 30 37 40 45 40 38 33 18 0 0 0 0 0 0 0
第 8 条服务链：4 1
demand：15
NF：45
single COST: 0
10 31 38 40 45 40 39 34 19 0 0 0 0 0 0 0
第 9 条服务链：3 2
demand：45
NF：45
single COST: 6
12 31 38 40 45 40 39 37 28 1 0 0 0 0 0 0
第 10 条服务链：1 1
demand：60
NF：41
single COST: 0
14 32 38 40 41 40 39 34 19 0 0 0 0 0 0 0
第 11 条服务链：0 2
demand：112.5
NF：41
single COST: 4
16 33 38 40 41 40 39 34 20 0 0 0 0 0 0 0
第 12 条服务链：2 1
demand：52.5
NF：45
single COST: 0
17 33 38 37 40 45 40 39 35 24 0 0 0 0 0 0
第 13 条服务链：1 1
demand：45
NF：41
single COST: 0
18 33 38 40 41 40 39 36 26 0 0 0 0 0 0 0
第 14 条服务链：3 2
demand：90
NF：45
single COST: 6
19 34 39 38 40 45 40 37 29 6 0 0 0 0 0 0
第 15 条服务链：2 1
demand：45
NF：45
single COST: 0
21 34 39 37 40 45 40 38 37 30 8 0 0 0 0 0
第 16 条服务链：1 1
demand：75
NF：41
single COST: 0
1 28 37 40 41 40 37 38 31 10 0 0 0 0 0 0
第 17 条服务链：0 2
demand：75
NF：41
single COST: 4
2 28 37 40 41 40 38 31 11 0 0 0 0 0 0 0
第 18 条服务链：1 1
demand：60
NF：41
single COST: 0
3 28 37 40 41 40 37 38 32 13 0 0 0 0 0 0
第 19 条服务链：2 1
demand：82.5
NF：45
single COST: 0
4 29 37 40 45 40 37 38 32 14 0 0 0 0 0 0
第 20 条服务链：3 2
demand：75
NF：45
single COST: 6
5 29 37 40 45 40 38 32 15 0 0 0 0 0 0 0
第 21 条服务链：4 1
demand：67.5
NF：45
single COST: 0
7 30 37 40 45 40 38 33 17 0 0 0 0 0 0 0
第 22 条服务链：0 2
demand：97.5
NF：41
single COST: 4
9 30 37 40 41 40 39 38 33 18 0 0 0 0 0 0
第 23 条服务链：4 1
demand：75
NF：45
single COST: 0
10 31 38 40 45 40 38 39 34 19 0 0 0 0 0 0
第 24 条服务链：3 2
demand：75
NF：45
single COST: 6
12 31 38 37 40 45 40 39 37 28 1 0 0 0 0 0
第 25 条服务链：1 1
demand：105
NF：41
single COST: 0
14 32 38 37 40 41 40 39 34 19 0 0 0 0 0 0
第 26 条服务链：0 2
demand：75
NF：41
single COST: 4
16 33 38 40 41 40 39 34 20 0 0 0 0 0 0 0
第 27 条服务链：2 1
demand：112.5
NF：45
single COST: 0
17 33 38 40 45 40 39 35 24 0 0 0 0 0 0 0
第 28 条服务链：1 1
demand：120
NF：41
single COST: 0
18 33 38 37 40 41 40 38 39 36 26 0 0 0 0 0
第 29 条服务链：3 2
demand：75
NF：45
single COST: 6
19 34 39 38 40 45 40 37 29 6 0 0 0 0 0 0
第 30 条服务链：2 1
demand：150
NF：45
single COST: 0
21 34 39 40 45 40 39 37 30 8 0 0 0 0 0 0
第 31 条服务链：2 1
demand：127.5
NF：45
single COST: 0
21 34 39 40 45 40 37 39 35 22 0 0 0 0 0 0
第 32 条服务链：4 1
demand：75
NF：45
single COST: 0
23 35 39 40 45 40 38 32 13 0 0 0 0 0 0 0
第 33 条服务链：2 1
demand：112.5
NF：45
single COST: 0
25 36 39 37 40 45 40 38 33 17 0 0 0 0 0 0
第 34 条服务链：3 2
demand：52.5
NF：45
single COST: 6
26 36 39 40 45 40 37 29 5 0 0 0 0 0 0 0
第 35 条服务链：1 1
demand：75
NF：41
single COST: 0
27 36 39 40 41 40 37 30 9 0 0 0 0 0 0 0
第 36 条服务链：1 1
demand：97.5
NF：41
single COST: 0
1 28 37 38 40 41 40 38 31 10 0 0 0 0 0 0
第 37 条服务链：0 2
demand：75
NF：41
single COST: 4
12 31 38 40 41 40 38 31 11 0 0 0 0 0 0 0
第 38 条服务链：1 1
demand：67.5
NF：41
single COST: 0
23 35 39 37 40 41 40 37 38 32 13 0 0 0 0 0
第 39 条服务链：2 1
demand：97.5
NF：45
single COST: 0
4 29 37 38 40 45 40 37 38 32 14 0 0 0 0 0
第 40 条服务链：3 2
demand：75
NF：45
single COST: 6
15 32 38 40 45 40 38 39 34 20 0 0 0 0 0 0
第 41 条服务链：4 1
demand：75
NF：45
single COST: 0
27 36 39 40 45 40 38 33 17 0 0 0 0 0 0 0
第 42 条服务链：4 1
demand：37.5
NF：45
single COST: 0
9 30 37 40 45 40 38 33 18 0 0 0 0 0 0 0
第 43 条服务链：2 1
demand：75
NF：45
single COST: 0
10 31 38 39 40 45 40 39 34 19 0 0 0 0 0 0
第 44 条服务链：0 2
demand：75
NF：41
single COST: 4
12 31 38 37 40 41 40 38 39 34 21 0 0 0 0 0
第 45 条服务链：2 1
demand：60
NF：45
single COST: 0
14 32 38 40 45 40 37 39 34 19 0 0 0 0 0 0

运行时间: 1688 ms
node_used：
28 13 7 0 27
node_vnf_demand：
0 555 487.5 0 416.25 82.5 0 0 0 0 967.5 936
node_vnf_count：
0 2 5 0 2 1 0 0 0 0 4 10
128 + 53 + 0.5 + 9.6 = 191.1
0 0 0 0 0 0 0 0 0 0 0 0 0 0 0 0 0 0 0 0 0 0 0 0 0 0 0 2080 0 0 0 0 0 0 0 0 0 0 0 0 0 0 0 0 0
0 0 0 0 0 0 0 0 0 0 0 0 0 0 0 0 0 0 0 0 0 0 0 0 0 0 0 2312.5 0 0 0 0 0 0 0 0 0 0 0 0 0 0 0 0 0
0 0 0 0 0 0 0 0 0 0 0 0 0 0 0 0 0 0 0 0 0 0 0 0 0 0 0 2290 0 0 0 0 0 0 0 0 0 0 0 0 0 0 0 0 0
0 0 0 0 0 0 0 0 0 0 0 0 0 0 0 0 0 0 0 0 0 0 0 0 0 0 0 0 2267.5 0 0 0 0 0 0 0 0 0 0 0 0 0 0 0 0
0 0 0 0 0 0 0 0 0 0 0 0 0 0 0 0 0 0 0 0 0 0 0 0 0 0 0 0 2336.5 0 0 0 0 0 0 0 0 0 0 0 0 0 0 0 0
0 0 0 0 0 0 0 0 0 0 0 0 0 0 0 0 0 0 0 0 0 0 0 0 0 0 0 0 2425 0 0 0 0 0 0 0 0 0 0 0 0 0 0 0 0
0 0 0 0 0 0 0 0 0 0 0 0 0 0 0 0 0 0 0 0 0 0 0 0 0 0 0 0 0 2132.5 0 0 0 0 0 0 0 0 0 0 0 0 0 0 0
0 0 0 0 0 0 0 0 0 0 0 0 0 0 0 0 0 0 0 0 0 0 0 0 0 0 0 0 0 2500 0 0 0 0 0 0 0 0 0 0 0 0 0 0 0
0 0 0 0 0 0 0 0 0 0 0 0 0 0 0 0 0 0 0 0 0 0 0 0 0 0 0 0 0 2245 0 0 0 0 0 0 0 0 0 0 0 0 0 0 0
0 0 0 0 0 0 0 0 0 0 0 0 0 0 0 0 0 0 0 0 0 0 0 0 0 0 0 0 0 0 2335 0 0 0 0 0 0 0 0 0 0 0 0 0 0
0 0 0 0 0 0 0 0 0 0 0 0 0 0 0 0 0 0 0 0 0 0 0 0 0 0 0 0 0 0 2500 0 0 0 0 0 0 0 0 0 0 0 0 0 0
0 0 0 0 0 0 0 0 0 0 0 0 0 0 0 0 0 0 0 0 0 0 0 0 0 0 0 0 0 0 2155 0 0 0 0 0 0 0 0 0 0 0 0 0 0
0 0 0 0 0 0 0 0 0 0 0 0 0 0 0 0 0 0 0 0 0 0 0 0 0 0 0 0 0 0 0 2500 0 0 0 0 0 0 0 0 0 0 0 0 0
0 0 0 0 0 0 0 0 0 0 0 0 0 0 0 0 0 0 0 0 0 0 0 0 0 0 0 0 0 0 0 2102.5 0 0 0 0 0 0 0 0 0 0 0 0 0
0 0 0 0 0 0 0 0 0 0 0 0 0 0 0 0 0 0 0 0 0 0 0 0 0 0 0 0 0 0 0 2350 0 0 0 0 0 0 0 0 0 0 0 0 0
0 0 0 0 0 0 0 0 0 0 0 0 0 0 0 0 0 0 0 0 0 0 0 0 0 0 0 0 0 0 0 0 2237.5 0 0 0 0 0 0 0 0 0 0 0 0
0 0 0 0 0 0 0 0 0 0 0 0 0 0 0 0 0 0 0 0 0 0 0 0 0 0 0 0 0 0 0 0 2185 0 0 0 0 0 0 0 0 0 0 0 0
0 0 0 0 0 0 0 0 0 0 0 0 0 0 0 0 0 0 0 0 0 0 0 0 0 0 0 0 0 0 0 0 2177.5 0 0 0 0 0 0 0 0 0 0 0 0
0 0 0 0 0 0 0 0 0 0 0 0 0 0 0 0 0 0 0 0 0 0 0 0 0 0 0 0 0 0 0 0 0 2233.75 0 0 0 0 0 0 0 0 0 0 0
0 0 0 0 0 0 0 0 0 0 0 0 0 0 0 0 0 0 0 0 0 0 0 0 0 0 0 0 0 0 0 0 0 2500 0 0 0 0 0 0 0 0 0 0 0
0 0 0 0 0 0 0 0 0 0 0 0 0 0 0 0 0 0 0 0 0 0 0 0 0 0 0 0 0 0 0 0 0 1817.5 0 0 0 0 0 0 0 0 0 0 0
0 0 0 0 0 0 0 0 0 0 0 0 0 0 0 0 0 0 0 0 0 0 0 0 0 0 0 0 0 0 0 0 0 0 2500 0 0 0 0 0 0 0 0 0 0
0 0 0 0 0 0 0 0 0 0 0 0 0 0 0 0 0 0 0 0 0 0 0 0 0 0 0 0 0 0 0 0 0 0 2102.5 0 0 0 0 0 0 0 0 0 0
0 0 0 0 0 0 0 0 0 0 0 0 0 0 0 0 0 0 0 0 0 0 0 0 0 0 0 0 0 0 0 0 0 0 2417.5 0 0 0 0 0 0 0 0 0 0
0 0 0 0 0 0 0 0 0 0 0 0 0 0 0 0 0 0 0 0 0 0 0 0 0 0 0 0 0 0 0 0 0 0 0 2312.5 0 0 0 0 0 0 0 0 0
0 0 0 0 0 0 0 0 0 0 0 0 0 0 0 0 0 0 0 0 0 0 0 0 0 0 0 0 0 0 0 0 0 0 0 2305 0 0 0 0 0 0 0 0 0
0 0 0 0 0 0 0 0 0 0 0 0 0 0 0 0 0 0 0 0 0 0 0 0 0 0 0 0 0 0 0 0 0 0 0 2200 0 0 0 0 0 0 0 0 0
2416 2428 2500 0 0 0 0 0 0 0 0 0 0 0 0 0 0 0 0 0 0 0 0 0 0 0 0 0 0 0 0 0 0 0 0 0 1682.5 0 0 0 0 0 0 0 0
0 0 0 2500 2421.25 2384.5 0 0 0 0 0 0 0 0 0 0 0 0 0 0 0 0 0 0 0 0 0 0 0 0 0 0 0 0 0 0 2029 0 0 0 0 0 0 0 0
0 0 0 0 0 0 2440 2257 2432.5 0 0 0 0 0 0 0 0 0 0 0 0 0 0 0 0 0 0 0 0 0 0 0 0 0 0 0 1257.25 0 0 0 0 1457.5 0 0 0
0 0 0 0 0 0 0 0 0 2263.75 2263.75 2500 0 0 0 0 0 0 0 0 0 0 0 0 0 0 0 0 0 0 0 0 0 0 0 0 0 1990 0 0 0 0 0 0 0
0 0 0 0 0 0 0 0 0 0 0 0 2212.75 2248 2411.8 0 0 0 0 0 0 0 0 0 0 0 0 0 0 0 0 0 0 0 0 0 0 1952.5 0 0 0 0 0 0 0
0 0 0 0 0 0 0 0 0 0 0 0 0 0 0 2500 2254 2063.5 0 0 0 0 0 0 0 0 0 0 0 0 0 0 0 0 0 0 0 1305.25 0 0 0 0 2001.25 0 0
0 0 0 0 0 0 0 0 0 0 0 0 0 0 0 0 0 0 2030.5 2278.75 2374.75 0 0 0 0 0 0 0 0 0 0 0 0 0 0 0 0 0 1551.25 0 0 0 0 0 0
0 0 0 0 0 0 0 0 0 0 0 0 0 0 0 0 0 0 0 0 0 2398 2500 2263 0 0 0 0 0 0 0 0 0 0 0 0 0 0 2020 0 0 0 0 0 0
0 0 0 0 0 0 0 0 0 0 0 0 0 0 0 0 0 0 0 0 0 0 0 0 2389.75 2320 2500 0 0 0 0 0 0 0 0 0 0 0 1817.5 0 0 0 0 2500 0
0 0 0 0 0 0 0 0 0 0 0 0 0 0 0 0 0 0 0 0 0 0 0 0 0 0 0 2344 2305.75 1252 0 0 0 0 0 0 0 1122.25 2103.25 760 0 0 0 0 0
0 0 0 0 0 0 0 0 0 0 0 0 0 0 0 0 0 0 0 0 0 0 0 0 0 0 0 0 0 0 2027.5 1872.55 1414.75 0 0 0 1724.5 0 1936.75 941.5 0 0 0 0 0
0 0 0 0 0 0 0 0 0 0 0 0 0 0 0 0 0 0 0 0 0 0 0 0 0 0 0 0 0 0 0 0 0 1684 2161 2209.75 1471 2149 0 1360 0 0 0 0 0
0 0 0 0 0 0 0 0 0 0 0 0 0 0 0 0 0 0 0 0 0 0 0 0 0 0 0 0 0 0 0 0 0 0 0 0 1723 1398.55 1606 0 2465 0 0 0 3096.5
0 0 0 0 0 0 0 0 0 0 0 0 0 0 0 0 0 0 0 0 0 0 0 0 0 0 0 0 0 0 0 0 0 0 0 0 0 0 0 3656.75 0 0 0 0 0
0 0 0 0 0 0 0 0 0 0 0 0 0 0 0 0 0 0 0 0 0 0 0 0 0 0 0 0 0 1714.75 0 0 0 0 0 0 0 0 0 0 0 0 0 0 0
0 0 0 0 0 0 0 0 0 0 0 0 0 0 0 0 0 0 0 0 0 0 0 0 0 0 0 0 0 0 0 0 2109.25 0 0 0 0 0 0 0 0 0 0 0 0
0 0 0 0 0 0 0 0 0 0 0 0 0 0 0 0 0 0 0 0 0 0 0 0 0 0 0 0 0 0 0 0 0 0 0 2500 0 0 0 0 0 0 0 0 0
0 0 0 0 0 0 0 0 0 0 0 0 0 0 0 0 0 0 0 0 0 0 0 0 0 0 0 0 0 0 0 0 0 0 0 0 0 0 0 3570.8 0 0 0 0 0
13 100
17 2100
20 3000
66 6200
12465

--------------------------------
Process exited after 2.171 seconds with return value 0
请按任意键继续. . .