20 3000
20 3000
20 3000
66 6200
13507.5
选择已分配的服务链：
1 4 8 10 13 16 19 21 23 28 33 39 node_used：
15 5 9 3 23
node_vnf_demand：
150 307.5 0 360 405 60 0 112.5 112.5 60 1147.5 472.5
node_vnf_count：
1 2 0 1 2 1 0 1 2 1 4 5
581.9

运行时间: 16 ms
184.9

运行时间: 32 ms
183.7
第 1 条服务链：1 1
demand：75
NF：43
single COST: 1.4
16 33 43 33 38 39 34 20 -1 0 0 0 0 0 0 0
第 2 条服务链：4 1
demand：150
NF：43
single COST: 1.4
17 33 43 33 38 39 35 24 -1 0 0 0 0 0 0 0
第 3 条服务链：0 2
demand：97.5
NF：44
single COST: 5.4
18 33 38 39 36 44 36 26 0 0 0 0 0 0 0 0
第 4 条服务链：3 2
demand：45
NF：44
single COST: 7.2
19 34 39 36 44 36 26 0 0 0 0 0 0 0 0 0
第 5 条服务链：2 1
demand：67.5
NF：43
single COST: 1.4
21 34 39 38 33 43 33 18 0 0 0 0 0 0 0 0
第 6 条服务链：2 1
demand：90
NF：42
single COST: 1.8
21 34 39 37 30 42 30 37 28 2 0 0 0 0 0 0
第 7 条服务链：0 2
demand：112.5
NF：41
single COST: 5.8
23 35 39 37 40 41 40 38 32 13 -1 0 0 0 0 0
第 8 条服务链：2 1
demand：37.5
NF：43
single COST: 1.4
5 29 37 38 33 43 33 17 0 0 0 0 0 0 0 0
第 9 条服务链：3 2
demand：60
NF：44
single COST: 7.4
26 36 44 36 39 37 29 5 -1 0 0 0 0 0 0 0
第 10 条服务链：1 1
demand：75
NF：41
single COST: 1.6
7 30 37 40 41 40 39 34 19 -1 0 0 0 0 0 0
第 11 条服务链：2 1
demand：97.5
NF：43
single COST: 1.4
21 34 39 38 33 43 33 18 0 0 0 0 0 0 0 0
第 12 条服务链：1 1
demand：105
NF：44
single COST: 1.6
21 34 39 36 44 36 39 35 22 0 0 0 0 0 0 0
第 13 条服务链：4 1
demand：75
NF：45
single COST: 1.6
3 28 37 40 45 40 38 32 13 -1 0 0 0 0 0 0
第 14 条服务链：2 1
demand：75
NF：42
single COST: 1.4
25 36 39 37 30 42 30 7 0 0 0 0 0 0 0 0
第 15 条服务链：3 2
demand：82.5
NF：44
single COST: 7.2
26 36 44 36 39 36 25 0 0 0 0 0 0 0 0 0
第 16 条服务链：1 1
demand：150
NF：44
single COST: 1.2
27 36 44 36 39 34 19 0 0 0 0 0 0 0 0 0
第 17 条服务链：1 1
demand：60
NF：43
single COST: 1.2
18 33 43 33 38 31 10 0 0 0 0 0 0 0 0 0
第 18 条服务链：0 2
demand：75
NF：41
single COST: 5.6
12 31 38 40 41 40 39 34 21 -1 0 0 0 0 0 0
第 19 条服务链：1 1
demand：142.5
NF：41
single COST: 2
23 35 39 37 38 40 41 40 37 28 3 -1 0 0 0 0
第 20 条服务链：2 1
demand：82.5
NF：43
single COST: 1.8
24 35 39 38 33 43 33 38 32 14 0 0 0 0 0 0
第 21 条服务链：3 2
demand：75
NF：44
single COST: 7.4
15 32 38 39 36 44 36 25 0 0 0 0 0 0 0 0
第 22 条服务链：0 2
demand：150
NF：43
single COST: 5.4
7 30 37 38 33 43 33 17 0 0 0 0 0 0 0 0
第 23 条服务链：2 1
demand：105
NF：43
single COST: 1.4
9 30 37 38 33 43 33 18 0 0 0 0 0 0 0 0
第 24 条服务链：2 1
demand：112.5
NF：45
single COST: 1.6
1 28 37 40 45 40 39 34 19 -1 0 0 0 0 0 0
第 25 条服务链：3 2
demand：45
NF：45
single COST: 7.6
1 28 37 40 45 40 39 34 21 -1 0 0 0 0 0 0
第 26 条服务链：2 1
demand：52.5
NF：42
single COST: 1.4
14 32 38 37 30 42 30 8 0 0 0 0 0 0 0 0
第 27 条服务链：2 1
demand：120
NF：43
single COST: 1.2
14 32 38 33 43 33 18 0 0 0 0 0 0 0 0 0
第 28 条服务链：2 1
demand：75
NF：45
single COST: 1.6
6 29 37 40 45 40 39 34 19 -1 0 0 0 0 0 0
第 29 条服务链：3 2
demand：37.5
NF：45
single COST: 7.6
7 30 37 40 45 40 39 34 21 -1 0 0 0 0 0 0
第 30 条服务链：2 1
demand：56.25
NF：42
single COST: 1.4
19 34 39 37 30 42 30 8 0 0 0 0 0 0 0 0

第 1 条服务链：1 1
demand：90
NF：41
single COST: 0
1 28 37 38 40 41 40 37 38 31 10 0 0 0 0 0
第 2 条服务链：0 2
demand：112.5
NF：41
single COST: 4
2 28 37 40 41 40 38 31 11 -1 0 0 0 0 0 0
第 3 条服务链：1 1
demand：75
NF：41
single COST: 0
3 28 37 40 41 40 38 32 13 0 0 0 0 0 0 0
第 4 条服务链：2 1
demand：52.5
NF：45
single COST: 0
4 29 37 40 45 40 39 38 32 14 0 0 0 0 0 0
第 5 条服务链：3 2
demand：51
NF：45
single COST: 6
5 29 37 40 45 40 38 32 15 -1 0 0 0 0 0 0
第 6 条服务链：4 1
demand：37.5
NF：45
single COST: 0
7 30 37 40 45 40 38 33 17 0 0 0 0 0 0 0
第 7 条服务链：4 1
demand：15
NF：45
single COST: 0
9 30 37 40 45 40 38 33 18 0 0 0 0 0 0 0
第 8 条服务链：4 1
demand：15
NF：45
single COST: 0
10 31 38 40 45 40 39 34 19 0 0 0 0 0 0 0
第 9 条服务链：3 2
demand：45
NF：45
single COST: 6
12 31 38 40 45 40 37 28 1 -1 0 0 0 0 0 0
第 10 条服务链：1 1
demand：60
NF：41
single COST: 0
14 32 38 40 41 40 39 34 19 0 0 0 0 0 0 0
第 11 条服务链：0 2
demand：112.5
NF：41
single COST: 4.4
16 33 38 39 40 41 40 39 34 20 -1 0 0 0 0 0
第 12 条服务链：2 1
demand：52.5
NF：45
single COST: 0
17 33 38 37 40 45 40 39 35 24 0 0 0 0 0 0
第 13 条服务链：1 1
demand：45
NF：41
single COST: 0
18 33 38 40 41 40 39 36 26 0 0 0 0 0 0 0
第 14 条服务链：3 2
demand：90
NF：45
single COST: 6
19 34 39 40 45 40 37 29 6 -1 0 0 0 0 0 0
第 15 条服务链：2 1
demand：45
NF：45
single COST: 0
21 34 39 37 40 45 40 38 37 30 8 0 0 0 0 0
第 16 条服务链：1 1
demand：75
NF：41
single COST: 0
1 28 37 40 41 40 37 38 31 10 0 0 0 0 0 0
第 17 条服务链：0 2
demand：75
NF：41
single COST: 4
2 28 37 40 41 40 38 31 11 -1 0 0 0 0 0 0
第 18 条服务链：1 1
demand：60
NF：41
single COST: 0
3 28 37 40 41 40 37 38 32 13 0 0 0 0 0 0
第 19 条服务链：2 1
demand：82.5
NF：45
single COST: 0
4 29 37 40 45 40 37 38 32 14 0 0 0 0 0 0
第 20 条服务链：3 2
demand：75
NF：45
single COST: 6.4
5 29 37 38 40 45 40 38 32 15 -1 0 0 0 0 0
第 21 条服务链：4 1
demand：67.5
NF：45
single COST: 0
7 30 37 40 45 40 38 33 17 0 0 0 0 0 0 0
第 22 条服务链：0 2
demand：97.5
NF：41
single COST: 4
9 30 37 40 41 40 38 33 18 -1 0 0 0 0 0 0
第 23 条服务链：4 1
demand：75
NF：45
single COST: 0
10 31 38 40 45 40 38 39 34 19 0 0 0 0 0 0
第 24 条服务链：3 2
demand：75
NF：45
single COST: 6
12 31 38 37 40 45 40 37 28 1 -1 0 0 0 0 0
第 25 条服务链：1 1
demand：105
NF：41
single COST: 0
14 32 38 37 40 41 40 39 34 19 0 0 0 0 0 0
第 26 条服务链：0 2
demand：75
NF：41
single COST: 4
16 33 38 40 41 40 39 34 20 0 0 0 0 0 0 0
第 27 条服务链：2 1
demand：112.5
NF：45
single COST: 0
17 33 38 40 45 40 39 35 24 0 0 0 0 0 0 0
第 28 条服务链：1 1
demand：120
NF：41
single COST: 0
18 33 38 37 40 41 40 38 39 36 26 0 0 0 0 0
第 29 条服务链：3 2
demand：75
NF：45
single COST: 6
19 34 39 38 40 45 40 37 29 6 -1 0 0 0 0 0
第 30 条服务链：2 1
demand：150
NF：45
single COST: 0
21 34 39 40 45 40 39 37 30 8 0 0 0 0 0 0
第 31 条服务链：2 1
demand：127.5
NF：45
single COST: 0
21 34 39 40 45 40 37 39 35 22 0 0 0 0 0 0
第 32 条服务链：4 1
demand：75
NF：45
single COST: 0
23 35 39 40 45 40 38 32 13 0 0 0 0 0 0 0
第 33 条服务链：2 1
demand：112.5
NF：45
single COST: 0
25 36 39 37 40 45 40 38 33 17 0 0 0 0 0 0
第 34 条服务链：3 2
demand：52.5
NF：45
single COST: 6
26 36 39 40 45 40 37 29 5 -1 0 0 0 0 0 0
第 35 条服务链：1 1
demand：75
NF：41
single COST: 0
27 36 39 40 41 40 37 30 9 0 0 0 0 0 0 0
第 36 条服务链：1 1
demand：97.5
NF：41
single COST: 0
1 28 37 38 40 41 40 38 31 10 0 0 0 0 0 0
第 37 条服务链：0 2
demand：75
NF：41
single COST: 4
12 31 38 40 41 40 38 31 11 0 0 0 0 0 0 0
第 38 条服务链：1 1
demand：67.5
NF：41
single COST: 0
23 35 39 37 40 41 40 37 38 32 13 0 0 0 0 0
第 39 条服务链：2 1
demand：97.5
NF：45
single COST: 0
4 29 37 38 40 45 40 37 38 32 14 0 0 0 0 0
第 40 条服务链：3 2
demand：75
NF：45
single COST: 6
15 32 38 40 45 40 39 34 20 -1 0 0 0 0 0 0
第 41 条服务链：4 1
demand：75
NF：45
single COST: 0
27 36 39 40 45 40 38 33 17 0 0 0 0 0 0 0
第 42 条服务链：4 1
demand：37.5
NF：45
single COST: 0
9 30 37 40 45 40 38 33 18 0 0 0 0 0 0 0
第 43 条服务链：2 1
demand：75
NF：45
single COST: 0
10 31 38 39 40 45 40 39 34 19 0 0 0 0 0 0
第 44 条服务链：0 2
demand：75
NF：41
single COST: 4
12 31 38 37 40 41 40 38 39 34 21 0 0 0 0 0
第 45 条服务链：2 1
demand：60
NF：45
single COST: 0
14 32 38 40 45 40 37 39 34 19 0 0 0 0 0 0

运行时间: 1141 ms
node_used：
22 4 10 7 32
node_vnf_demand：
0 273.75 0 285 510 150 352.5 0 262.5 0 1155 1093.5
node_vnf_count：
0 1 0 1 2 2 1 0 3 0 4 11
128 + 45.2 + 0.7 + 10 = 183.9
0 0 0 0 0 0 0 0 0 0 0 0 0 0 0 0 0 0 0 0 0 0 0 0 0 0 0 2080 0 0 0 0 0 0 0 0 0 0 0 0 0 0 0 0 0
0 0 0 0 0 0 0 0 0 0 0 0 0 0 0 0 0 0 0 0 0 0 0 0 0 0 0 2312.5 0 0 0 0 0 0 0 0 0 0 0 0 0 0 0 0 0
0 0 0 0 0 0 0 0 0 0 0 0 0 0 0 0 0 0 0 0 0 0 0 0 0 0 0 2290 0 0 0 0 0 0 0 0 0 0 0 0 0 0 0 0 0
0 0 0 0 0 0 0 0 0 0 0 0 0 0 0 0 0 0 0 0 0 0 0 0 0 0 0 0 2267.5 0 0 0 0 0 0 0 0 0 0 0 0 0 0 0 0
0 0 0 0 0 0 0 0 0 0 0 0 0 0 0 0 0 0 0 0 0 0 0 0 0 0 0 0 2336.5 0 0 0 0 0 0 0 0 0 0 0 0 0 0 0 0
0 0 0 0 0 0 0 0 0 0 0 0 0 0 0 0 0 0 0 0 0 0 0 0 0 0 0 0 2425 0 0 0 0 0 0 0 0 0 0 0 0 0 0 0 0
0 0 0 0 0 0 0 0 0 0 0 0 0 0 0 0 0 0 0 0 0 0 0 0 0 0 0 0 0 2132.5 0 0 0 0 0 0 0 0 0 0 0 0 0 0 0
0 0 0 0 0 0 0 0 0 0 0 0 0 0 0 0 0 0 0 0 0 0 0 0 0 0 0 0 0 2500 0 0 0 0 0 0 0 0 0 0 0 0 0 0 0
0 0 0 0 0 0 0 0 0 0 0 0 0 0 0 0 0 0 0 0 0 0 0 0 0 0 0 0 0 2245 0 0 0 0 0 0 0 0 0 0 0 0 0 0 0
0 0 0 0 0 0 0 0 0 0 0 0 0 0 0 0 0 0 0 0 0 0 0 0 0 0 0 0 0 0 2335 0 0 0 0 0 0 0 0 0 0 0 0 0 0
0 0 0 0 0 0 0 0 0 0 0 0 0 0 0 0 0 0 0 0 0 0 0 0 0 0 0 0 0 0 2500 0 0 0 0 0 0 0 0 0 0 0 0 0 0
0 0 0 0 0 0 0 0 0 0 0 0 0 0 0 0 0 0 0 0 0 0 0 0 0 0 0 0 0 0 2155 0 0 0 0 0 0 0 0 0 0 0 0 0 0
0 0 0 0 0 0 0 0 0 0 0 0 0 0 0 0 0 0 0 0 0 0 0 0 0 0 0 0 0 0 0 2500 0 0 0 0 0 0 0 0 0 0 0 0 0
0 0 0 0 0 0 0 0 0 0 0 0 0 0 0 0 0 0 0 0 0 0 0 0 0 0 0 0 0 0 0 2102.5 0 0 0 0 0 0 0 0 0 0 0 0 0
0 0 0 0 0 0 0 0 0 0 0 0 0 0 0 0 0 0 0 0 0 0 0 0 0 0 0 0 0 0 0 2350 0 0 0 0 0 0 0 0 0 0 0 0 0
0 0 0 0 0 0 0 0 0 0 0 0 0 0 0 0 0 0 0 0 0 0 0 0 0 0 0 0 0 0 0 0 2237.5 0 0 0 0 0 0 0 0 0 0 0 0
0 0 0 0 0 0 0 0 0 0 0 0 0 0 0 0 0 0 0 0 0 0 0 0 0 0 0 0 0 0 0 0 2185 0 0 0 0 0 0 0 0 0 0 0 0
0 0 0 0 0 0 0 0 0 0 0 0 0 0 0 0 0 0 0 0 0 0 0 0 0 0 0 0 0 0 0 0 2177.5 0 0 0 0 0 0 0 0 0 0 0 0
0 0 0 0 0 0 0 0 0 0 0 0 0 0 0 0 0 0 0 0 0 0 0 0 0 0 0 0 0 0 0 0 0 2233.75 0 0 0 0 0 0 0 0 0 0 0
0 0 0 0 0 0 0 0 0 0 0 0 0 0 0 0 0 0 0 0 0 0 0 0 0 0 0 0 0 0 0 0 0 2500 0 0 0 0 0 0 0 0 0 0 0
0 0 0 0 0 0 0 0 0 0 0 0 0 0 0 0 0 0 0 0 0 0 0 0 0 0 0 0 0 0 0 0 0 1817.5 0 0 0 0 0 0 0 0 0 0 0
0 0 0 0 0 0 0 0 0 0 0 0 0 0 0 0 0 0 0 0 0 0 0 0 0 0 0 0 0 0 0 0 0 0 2500 0 0 0 0 0 0 0 0 0 0
0 0 0 0 0 0 0 0 0 0 0 0 0 0 0 0 0 0 0 0 0 0 0 0 0 0 0 0 0 0 0 0 0 0 2102.5 0 0 0 0 0 0 0 0 0 0
0 0 0 0 0 0 0 0 0 0 0 0 0 0 0 0 0 0 0 0 0 0 0 0 0 0 0 0 0 0 0 0 0 0 2417.5 0 0 0 0 0 0 0 0 0 0
0 0 0 0 0 0 0 0 0 0 0 0 0 0 0 0 0 0 0 0 0 0 0 0 0 0 0 0 0 0 0 0 0 0 0 2312.5 0 0 0 0 0 0 0 0 0
0 0 0 0 0 0 0 0 0 0 0 0 0 0 0 0 0 0 0 0 0 0 0 0 0 0 0 0 0 0 0 0 0 0 0 2305 0 0 0 0 0 0 0 0 0
0 0 0 0 0 0 0 0 0 0 0 0 0 0 0 0 0 0 0 0 0 0 0 0 0 0 0 0 0 0 0 0 0 0 0 2200 0 0 0 0 0 0 0 0 0
2416 2428 2371.75 0 0 0 0 0 0 0 0 0 0 0 0 0 0 0 0 0 0 0 0 0 0 0 0 0 0 0 0 0 0 0 0 0 1682.5 0 0 0 0 0 0 0 0
0 0 0 2500 2421.25 2384.5 0 0 0 0 0 0 0 0 0 0 0 0 0 0 0 0 0 0 0 0 0 0 0 0 0 0 0 0 0 0 2029 0 0 0 0 0 0 0 0
0 0 0 0 0 0 2440 2257 2432.5 0 0 0 0 0 0 0 0 0 0 0 0 0 0 0 0 0 0 0 0 0 0 0 0 0 0 0 1805.5 0 0 0 0 2226.25 0 0 0
0 0 0 0 0 0 0 0 0 2209.75 2263.75 2500 0 0 0 0 0 0 0 0 0 0 0 0 0 0 0 0 0 0 0 0 0 0 0 0 0 1990 0 0 0 0 0 0 0
0 0 0 0 0 0 0 0 0 0 0 0 2111.5 2248 2411.8 0 0 0 0 0 0 0 0 0 0 0 0 0 0 0 0 0 0 0 0 0 0 1952.5 0 0 0 0 0 0 0
0 0 0 0 0 0 0 0 0 0 0 0 0 0 0 2500 2119 2063.5 0 0 0 0 0 0 0 0 0 0 0 0 0 0 0 0 0 0 0 1592.5 0 0 0 0 1555 0 0
0 0 0 0 0 0 0 0 0 0 0 0 0 0 0 0 0 0 1828 2211.25 2307.25 0 0 0 0 0 0 0 0 0 0 0 0 0 0 0 0 0 1551.25 0 0 0 0 0 0
0 0 0 0 0 0 0 0 0 0 0 0 0 0 0 0 0 0 0 0 0 2303.5 2500 2263 0 0 0 0 0 0 0 0 0 0 0 0 0 0 2020 0 0 0 0 0 0
0 0 0 0 0 0 0 0 0 0 0 0 0 0 0 0 0 0 0 0 0 0 0 0 2389.75 2232.25 2500 0 0 0 0 0 0 0 0 0 0 0 1780.75 0 0 0 0 1885 0
0 0 0 0 0 0 0 0 0 0 0 0 0 0 0 0 0 0 0 0 0 0 0 0 0 0 0 2215.75 2305.75 2002.75 0 0 0 0 0 0 0 1297.75 2350 476.5 0 0 0 0 0
0 0 0 0 0 0 0 0 0 0 0 0 0 0 0 0 0 0 0 0 0 0 0 0 0 0 0 0 0 0 1973.5 1771.3 1499.5 0 0 0 1984 0 1739.5 1210 0 0 0 0 0
0 0 0 0 0 0 0 0 0 0 0 0 0 0 0 0 0 0 0 0 0 0 0 0 0 0 0 0 0 0 0 0 0 1346.5 2066.5 1971.25 1636.75 2135.5 0 1667.5 0 0 0 0 0
0 0 0 0 0 0 0 0 0 0 0 0 0 0 0 0 0 0 0 0 0 0 0 0 0 0 0 0 0 0 0 0 0 0 0 0 1510.75 1209.55 1382.5 0 3102.5 0 0 0 2751.5
0 0 0 0 0 0 0 0 0 0 0 0 0 0 0 0 0 0 0 0 0 0 0 0 0 0 0 0 0 0 0 0 0 0 0 0 0 0 0 3292.25 0 0 0 0 0
0 0 0 0 0 0 0 0 0 0 0 0 0 0 0 0 0 0 0 0 0 0 0 0 0 0 0 0 0 2281 0 0 0 0 0 0 0 0 0 0 0 0 0 0 0
0 0 0 0 0 0 0 0 0 0 0 0 0 0 0 0 0 0 0 0 0 0 0 0 0 0 0 0 0 0 0 0 1730.5 0 0 0 0 0 0 0 0 0 0 0 0
0 0 0 0 0 0 0 0 0 0 0 0 0 0 0 0 0 0 0 0 0 0 0 0 0 0 0 0 0 0 0 0 0 0 0 1999 0 0 0 0 0 0 0 0 0
0 0 0 0 0 0 0 0 0 0 0 0 0 0 0 0 0 0 0 0 0 0 0 0 0 0 0 0 0 0 0 0 0 0 0 0 0 0 0 3310.55 0 0 0 0 0
19 2800
15 1500
16 1400
65 5700
13102.5

--------------------------------
Process exited after 1.609 seconds with return value 0
请按任意键继续. . .