20 3000
20 3000
20 3000
46 5400
16980
1935.3
选择已分配的服务链：
1 4 8 13 16 19 23 25 28 33 39 43 0 0 0 0 0 0 0 0 0 0 0 0 0 0 0 0 0 0 0 0 0 0 0 0 0 0 0 0 0 0 0 0 0 0 0 0
运行时间: 16 ms
220.5

运行时间: 32 ms
219.7

运行时间: 47 ms
219.5

运行时间: 63 ms
220.1

运行时间: 63 ms
第 1 条服务链：1 1
demand：300
NF：43
single COST: 1.4
16 33 43 33 38 39 34 20 -1 0 0 0 0 0 0 0
第 2 条服务链：4 1
demand：200
NF：43
single COST: 1.4
17 33 43 33 38 39 35 24 -1 0 0 0 0 0 0 0
第 3 条服务链：3 2
demand：30
NF：44
single COST: 9.4
18 33 38 39 36 44 36 26 0 0 0 0 0 0 0 0
第 4 条服务链：3 2
demand：30
NF：44
single COST: 9.2
19 34 39 36 44 36 26 0 0 0 0 0 0 0 0 0
第 5 条服务链：2 1
demand：30
NF：43
single COST: 1.4
21 34 39 38 33 43 33 18 0 0 0 0 0 0 0 0
第 6 条服务链：2 1
demand：30
NF：45
single COST: 1.6
21 34 39 40 45 40 37 28 2 -1 0 0 0 0 0 0
第 7 条服务链：0 2
demand：30
NF：41
single COST: 5.6
23 35 39 40 41 40 38 32 13 -1 0 0 0 0 0 0
第 8 条服务链：2 1
demand：250
NF：45
single COST: 1.6
5 29 37 40 45 40 38 33 17 -1 0 0 0 0 0 0
第 9 条服务链：3 2
demand：30
NF：44
single COST: 9.4
26 36 44 36 39 37 29 5 -1 0 0 0 0 0 0 0
第 10 条服务链：1 1
demand：100
NF：42
single COST: 1.4
7 30 42 30 37 39 34 19 -1 0 0 0 0 0 0 0
第 11 条服务链：2 1
demand：200
NF：43
single COST: 1.4
21 34 39 38 33 43 33 18 0 0 0 0 0 0 0 0
第 12 条服务链：1 1
demand：40
NF：44
single COST: 1.6
21 34 39 36 44 36 39 35 22 0 0 0 0 0 0 0
第 13 条服务链：4 1
demand：100
NF：45
single COST: 1.6
3 28 37 40 45 40 38 32 13 -1 0 0 0 0 0 0
第 14 条服务链：2 1
demand：100
NF：42
single COST: 1.4
25 36 39 37 30 42 30 7 0 0 0 0 0 0 0 0
第 15 条服务链：3 2
demand：10
NF：44
single COST: 9.2
26 36 44 36 39 36 25 0 0 0 0 0 0 0 0 0
第 16 条服务链：1 1
demand：300
NF：44
single COST: 1.2
27 36 44 36 39 34 19 0 0 0 0 0 0 0 0 0
第 17 条服务链：1 1
demand：30
NF：43
single COST: 1.2
18 33 43 33 38 31 10 0 0 0 0 0 0 0 0 0
第 18 条服务链：0 2
demand：100
NF：41
single COST: 5.6
12 31 38 40 41 40 39 34 21 -1 0 0 0 0 0 0
第 19 条服务链：1 1
demand：1000
NF：41
single COST: 1.6
23 35 39 40 41 40 37 28 3 -1 0 0 0 0 0 0
第 20 条服务链：2 1
demand：10
NF：45
single COST: 1.6
24 35 39 40 45 40 38 32 14 -1 0 0 0 0 0 0
第 21 条服务链：3 2
demand：100
NF：44
single COST: 9.4
15 32 38 39 36 44 36 25 0 0 0 0 0 0 0 0
第 22 条服务链：4 1
demand：200
NF：43
single COST: 1.4
7 30 37 38 33 43 33 17 0 0 0 0 0 0 0 0
第 23 条服务链：2 1
demand：10
NF：42
single COST: 1.4
9 30 42 30 37 38 33 18 -1 0 0 0 0 0 0 0
第 24 条服务链：2 1
demand：100
NF：42
single COST: 1.8
1 28 37 30 42 30 37 39 34 19 -1 0 0 0 0 0
第 25 条服务链：3 2
demand：60
NF：42
single COST: 9.8
1 28 37 30 42 30 37 39 34 21 -1 0 0 0 0 0
第 26 条服务链：2 1
demand：10
NF：42
single COST: 1.4
14 32 38 37 30 42 30 8 0 0 0 0 0 0 0 0
第 27 条服务链：2 1
demand：10
NF：43
single COST: 1.2
14 32 38 33 43 33 18 0 0 0 0 0 0 0 0 0
第 28 条服务链：2 1
demand：100
NF：45
single COST: 1.6
6 29 37 40 45 40 39 34 19 -1 0 0 0 0 0 0
第 29 条服务链：3 2
demand：10
NF：42
single COST: 9.4
7 30 42 30 37 39 34 21 -1 0 0 0 0 0 0 0
第 30 条服务链：2 1
demand：10
NF：42
single COST: 1.4
19 34 39 37 30 42 30 8 0 0 0 0 0 0 0 0

第 1 条服务链：1 1
demand：20
NF：41
single COST: 0
1 28 37 40 41 40 38 31 10 0 0 0 0 0 0 0
第 2 条服务链：0 2
demand：200
NF：41
single COST: 4
2 28 37 40 41 40 38 31 11 -1 0 0 0 0 0 0
第 3 条服务链：1 1
demand：1000
NF：41
single COST: 0
3 28 37 40 41 40 38 32 13 0 0 0 0 0 0 0
第 4 条服务链：2 1
demand：20
NF：45
single COST: 0
4 29 37 40 45 40 38 32 14 0 0 0 0 0 0 0
第 5 条服务链：3 2
demand：200
NF：45
single COST: 8
5 29 37 38 40 45 40 39 38 32 15 0 0 0 0 0
第 6 条服务链：4 1
demand：500
NF：45
single COST: 0
7 30 37 40 45 40 39 38 33 17 0 0 0 0 0 0
第 7 条服务链：4 1
demand：20
NF：45
single COST: 0
9 30 37 40 45 40 37 38 33 18 0 0 0 0 0 0
第 8 条服务链：4 1
demand：200
NF：45
single COST: 0
10 31 38 37 40 45 40 39 34 19 0 0 0 0 0 0
第 9 条服务链：3 2
demand：600
NF：45
single COST: 8
12 31 38 40 45 40 37 28 1 -1 0 0 0 0 0 0
第 10 条服务链：1 1
demand：20
NF：41
single COST: 0
14 32 38 40 41 40 38 39 34 19 0 0 0 0 0 0
第 11 条服务链：0 2
demand：200
NF：41
single COST: 4
16 33 38 39 40 41 40 39 34 20 0 0 0 0 0 0
第 12 条服务链：2 1
demand：700
NF：45
single COST: 0
17 33 38 40 45 40 38 39 35 24 0 0 0 0 0 0
第 13 条服务链：1 1
demand：20
NF：41
single COST: 0
18 33 38 40 41 40 39 36 26 0 0 0 0 0 0 0
第 14 条服务链：3 2
demand：200
NF：45
single COST: 8
19 34 39 40 45 40 37 29 6 0 0 0 0 0 0 0
第 15 条服务链：2 1
demand：600
NF：45
single COST: 0
21 34 39 40 45 40 39 37 30 8 0 0 0 0 0 0
第 16 条服务链：1 1
demand：10
NF：41
single COST: 0
1 28 37 39 40 41 40 37 38 31 10 0 0 0 0 0
第 17 条服务链：0 2
demand：100
NF：41
single COST: 4
2 28 37 40 41 40 38 31 11 0 0 0 0 0 0 0
第 18 条服务链：1 1
demand：800
NF：41
single COST: 0
3 28 37 40 41 40 39 38 32 13 0 0 0 0 0 0
第 19 条服务链：2 1
demand：10
NF：45
single COST: 0
4 29 37 40 45 40 38 32 14 0 0 0 0 0 0 0
第 20 条服务链：3 2
demand：100
NF：45
single COST: 8
5 29 37 40 45 40 38 32 15 -1 0 0 0 0 0 0
第 21 条服务链：4 1
demand：90
NF：45
single COST: 0
7 30 37 40 45 40 38 33 17 0 0 0 0 0 0 0
第 22 条服务链：4 1
demand：10
NF：45
single COST: 0
9 30 37 40 45 40 38 33 18 0 0 0 0 0 0 0
第 23 条服务链：4 1
demand：100
NF：45
single COST: 0
10 31 38 40 45 40 39 34 19 0 0 0 0 0 0 0
第 24 条服务链：3 2
demand：100
NF：45
single COST: 8
12 31 38 37 40 45 40 37 28 1 -1 0 0 0 0 0
第 25 条服务链：1 1
demand：10
NF：41
single COST: 0
14 32 38 40 41 40 39 34 19 0 0 0 0 0 0 0
第 26 条服务链：0 2
demand：100
NF：41
single COST: 4
16 33 38 40 41 40 39 34 20 -1 0 0 0 0 0 0
第 27 条服务链：2 1
demand：250
NF：45
single COST: 0
17 33 38 40 45 40 38 39 35 24 0 0 0 0 0 0
第 28 条服务链：1 1
demand：10
NF：41
single COST: 0
18 33 38 40 41 40 39 36 26 0 0 0 0 0 0 0
第 29 条服务链：3 2
demand：100
NF：45
single COST: 8
19 34 39 37 40 45 40 37 29 6 0 0 0 0 0 0
第 30 条服务链：2 1
demand：200
NF：45
single COST: 0
21 34 39 40 45 40 37 30 8 0 0 0 0 0 0 0
第 31 条服务链：2 1
demand：10
NF：45
single COST: 0
21 34 39 40 45 40 39 35 22 0 0 0 0 0 0 0
第 32 条服务链：4 1
demand：100
NF：45
single COST: 0
23 35 39 37 40 45 40 39 37 38 32 13 0 0 0 0
第 33 条服务链：2 1
demand：250
NF：45
single COST: 0
25 36 39 40 45 40 37 38 33 17 0 0 0 0 0 0
第 34 条服务链：3 2
demand：10
NF：45
single COST: 8
26 36 39 40 45 40 37 29 5 0 0 0 0 0 0 0
第 35 条服务链：1 1
demand：100
NF：41
single COST: 0
27 36 39 40 41 40 37 30 9 0 0 0 0 0 0 0
第 36 条服务链：1 1
demand：30
NF：41
single COST: 0
1 28 37 40 41 40 38 31 10 0 0 0 0 0 0 0
第 37 条服务链：0 2
demand：100
NF：41
single COST: 4
12 31 38 40 41 40 38 31 11 0 0 0 0 0 0 0
第 38 条服务链：1 1
demand：300
NF：41
single COST: 0
23 35 39 40 41 40 38 32 13 0 0 0 0 0 0 0
第 39 条服务链：2 1
demand：30
NF：45
single COST: 0
4 29 37 40 45 40 38 32 14 0 0 0 0 0 0 0
第 40 条服务链：3 2
demand：100
NF：-1
single COST: 8
15 0 0 0 0 0 0 0 0 0 0 0 0 0 0 0
第 41 条服务链：4 1
demand：100
NF：45
single COST: 0
27 36 39 37 40 45 40 38 33 17 0 0 0 0 0 0
第 42 条服务链：4 1
demand：30
NF：45
single COST: 0
9 30 37 40 45 40 38 33 18 0 0 0 0 0 0 0
第 43 条服务链：2 1
demand：100
NF：45
single COST: 0
10 31 38 39 40 45 40 39 34 19 0 0 0 0 0 0
第 44 条服务链：3 2
demand：100
NF：45
single COST: 8
12 31 38 40 45 40 39 34 21 0 0 0 0 0 0 0
第 45 条服务链：2 1
demand：30
NF：45
single COST: 0
14 32 38 40 45 40 37 39 34 19 0 0 0 0 0 0
node_used：
19 8 7 7 33
node_vnf_demand：
100 230 70 330 240 400 340 0 200 0 2590 2660
node_vnf_count：
1 1 1 1 1 4 1 0 2 0 9 27
199.6 + 0.7 + 19.2 = 219.5
17 2200
14 700
17 1900
44 4700
15850

--------------------------------
Process exited after 1.397 seconds with return value 0
请按任意键继续. . .