20 3000
20 3000
20 3000
48 6100
17956
491.3
选择已分配的服务链：
1 4 8 13
运行时间: 0 ms
第 1 条服务链：1 1
demand：14
NF：42
single COST: 2
1 28 37 30 42 30 37 40 38 31 10 0 0 0 0 0
第 2 条服务链：0 2
demand：140
NF：41
single COST: 5.8
2 28 37 40 41 40 37 38 31 11 0 0 0 0 0 0
第 3 条服务链：1 1
demand：1120
NF：41
single COST: 1.6
3 28 37 40 41 40 38 32 13 -1 0 0 0 0 0 0
第 4 条服务链：2 1
demand：14
NF：45
single COST: 1.6
4 29 37 40 45 40 38 32 14 -1 0 0 0 0 0 0
第 5 条服务链：3 2
demand：140
NF：45
single COST: 9.6
5 29 37 40 45 40 38 32 15 -1 0 0 0 0 0 0
第 6 条服务链：4 1
demand：126
NF：43
single COST: 1.4
7 30 37 38 33 43 33 17 0 0 0 0 0 0 0 0
第 7 条服务链：4 1
demand：14
NF：43
single COST: 1.6
9 30 37 39 38 33 43 33 18 0 0 0 0 0 0 0
第 8 条服务链：4 1
demand：140
NF：43
single COST: 1.8
10 31 38 33 43 33 38 39 34 19 -1 0 0 0 0 0
第 9 条服务链：3 2
demand：140
NF：45
single COST: 10
12 31 38 39 40 45 40 38 37 28 1 0 0 0 0 0
第 10 条服务链：1 1
demand：14
NF：41
single COST: 1.8
14 32 38 37 40 41 40 39 34 19 -1 0 0 0 0 0

第 1 条服务链：1 1
demand：28
NF：41
single COST: 0
1 28 37 40 41 40 38 31 10 0 0 0 0 0 0 0
第 2 条服务链：0 2
demand：280
NF：41
single COST: 4
2 28 37 40 41 40 38 31 11 -1 0 0 0 0 0 0
第 3 条服务链：1 1
demand：1400
NF：41
single COST: 0
3 28 37 40 41 40 38 32 13 0 0 0 0 0 0 0
第 4 条服务链：2 1
demand：28
NF：45
single COST: 0
4 29 37 40 45 40 38 32 14 0 0 0 0 0 0 0
第 5 条服务链：3 2
demand：280
NF：45
single COST: 8
5 29 37 40 45 40 38 32 15 -1 0 0 0 0 0 0
第 6 条服务链：4 1
demand：700
NF：45
single COST: 0
7 30 37 40 45 40 39 37 38 33 17 0 0 0 0 0
第 7 条服务链：4 1
demand：28
NF：45
single COST: 0
9 30 37 40 45 40 38 33 18 0 0 0 0 0 0 0
第 8 条服务链：4 1
demand：280
NF：45
single COST: 0
10 31 38 40 45 40 39 34 19 0 0 0 0 0 0 0
第 9 条服务链：3 2
demand：840
NF：45
single COST: 8
12 31 38 37 40 45 40 37 28 1 -1 0 0 0 0 0
第 10 条服务链：1 1
demand：28
NF：41
single COST: 0
14 32 38 40 41 40 39 34 19 0 0 0 0 0 0 0
第 11 条服务链：0 2
demand：280
NF：41
single COST: 4
16 33 38 37 40 41 40 39 34 20 0 0 0 0 0 0
第 12 条服务链：2 1
demand：980
NF：45
single COST: 0
17 33 38 39 40 45 40 39 35 24 0 0 0 0 0 0
第 13 条服务链：1 1
demand：28
NF：41
single COST: 0
18 33 38 37 40 41 40 39 36 26 0 0 0 0 0 0
第 14 条服务链：3 2
demand：280
NF：45
single COST: 8
19 34 39 40 45 40 37 29 6 0 0 0 0 0 0 0
第 15 条服务链：2 1
demand：840
NF：45
single COST: 0
21 34 39 40 45 40 39 37 30 8 0 0 0 0 0 0
node_used：
9 1 3 0 12
node_vnf_demand：
14 0 0 0 0 280 0 0 0 0 1862 2688
node_vnf_count：
1 0 0 0 0 3 0 0 0 0 7 27
69.2 + 0.5 + 15.2 = 84.9
19 2900
17 1500
20 3000
46 5100
16682

--------------------------------
Process exited after 0.3 seconds with return value 0
请按任意键继续. . .