20 3000
20 3000
20 3000
59 2700
13326
191.9
第 1 条服务链：1 1
demand：90
NF：41
single COST: 1.6
16 33 38 40 41 40 39 34 20 -1 0 0 0 0 0 0
第 2 条服务链：4 1
demand：180
NF：42
single COST: 2
17 33 38 37 30 42 30 37 39 35 24 -1 0 0 0 0
第 3 条服务链：3 2
demand：117
NF：43
single COST: 7.4
18 33 43 33 38 39 36 26 -1 0 0 0 0 0 0 0
第 4 条服务链：3 2
demand：54
NF：44
single COST: 7.2
19 34 39 36 44 36 26 0 0 0 0 0 0 0 0 0
第 5 条服务链：2 1
demand：81
NF：45
single COST: 1.6
21 34 39 40 45 40 38 33 18 -1 0 0 0 0 0 0
第 6 条服务链：2 1
demand：108
NF：44
single COST: 1.8
21 34 39 36 44 36 39 37 28 2 -1 0 0 0 0 0
第 7 条服务链：0 2
demand：135
NF：41
single COST: 5.6
23 35 39 40 41 40 38 32 13 -1 0 0 0 0 0 0
第 8 条服务链：2 1
demand：45
NF：45
single COST: 1.6
5 29 37 40 45 40 38 33 17 -1 0 0 0 0 0 0
第 9 条服务链：3 2
demand：162
NF：45
single COST: 7.6
26 36 39 40 45 40 37 29 5 -1 0 0 0 0 0 0
第 10 条服务链：1 1
demand：90
NF：41
single COST: 1.6
7 30 37 40 41 40 39 34 19 -1 0 0 0 0 0 0
第 11 条服务链：2 1
demand：180
NF：44
single COST: 1.8
21 34 39 36 44 36 39 38 33 18 -1 0 0 0 0 0
第 12 条服务链：1 1
demand：126
NF：41
single COST: 1.6
21 34 39 40 41 40 39 35 22 -1 0 0 0 0 0 0
第 13 条服务链：4 1
demand：90
NF：44
single COST: 2
3 28 37 39 36 44 36 39 38 32 13 -1 0 0 0 0
第 14 条服务链：2 1
demand：90
NF：42
single COST: 1.4
25 36 39 37 30 42 30 7 0 0 0 0 0 0 0 0
第 15 条服务链：3 2
demand：99
NF：43
single COST: 8
26 36 39 38 33 43 33 38 39 36 25 -1 0 0 0 0
第 16 条服务链：1 1
demand：180
NF：41
single COST: 1.6
27 36 39 40 41 40 39 34 19 -1 0 0 0 0 0 0
第 17 条服务链：1 1
demand：72
NF：41
single COST: 1.6
18 33 38 40 41 40 38 31 10 -1 0 0 0 0 0 0
第 18 条服务链：0 2
demand：90
NF：41
single COST: 5.6
12 31 38 40 41 40 39 34 21 -1 0 0 0 0 0 0
第 19 条服务链：1 1
demand：171
NF：41
single COST: 1.6
23 35 39 40 41 40 37 28 3 -1 0 0 0 0 0 0
第 20 条服务链：2 1
demand：99
NF：42
single COST: 2
24 35 39 37 30 42 30 37 38 32 14 -1 0 0 0 0
第 21 条服务链：3 2
demand：90
NF：42
single COST: 8
15 32 38 37 30 42 30 37 39 36 25 -1 0 0 0 0
第 22 条服务链：4 1
demand：180
NF：44
single COST: 2
7 30 37 39 36 44 36 39 38 33 17 -1 0 0 0 0
第 23 条服务链：2 1
demand：126
NF：43
single COST: 1.4
9 30 37 38 33 43 33 18 0 0 0 0 0 0 0 0
第 24 条服务链：2 1
demand：135
NF：45
single COST: 1.6
1 28 37 40 45 40 39 34 19 -1 0 0 0 0 0 0
第 25 条服务链：3 2
demand：54
NF：45
single COST: 7.6
1 28 37 40 45 40 39 34 21 -1 0 0 0 0 0 0
第 26 条服务链：2 1
demand：63
NF：42
single COST: 1.4
14 32 38 37 30 42 30 8 0 0 0 0 0 0 0 0
第 27 条服务链：2 1
demand：144
NF：42
single COST: 2
14 32 38 37 30 42 30 37 38 33 18 -1 0 0 0 0
第 28 条服务链：2 1
demand：90
NF：43
single COST: 2
6 29 37 38 33 43 33 38 39 34 19 -1 0 0 0 0
第 29 条服务链：3 2
demand：45
NF：43
single COST: 8
7 30 37 38 33 43 33 38 39 34 21 -1 0 0 0 0
第 30 条服务链：2 1
demand：153
NF：43
single COST: 2
19 34 39 38 33 43 33 38 37 30 8 -1 0 0 0 0

第 1 条服务链：1 1
demand：108
NF：41
single COST: 0
1 28 37 38 40 41 40 38 31 10 0 0 0 0 0 0
第 2 条服务链：0 2
demand：180
NF：41
single COST: 4
2 28 37 40 41 40 38 31 11 0 0 0 0 0 0 0
第 3 条服务链：1 1
demand：90
NF：41
single COST: 0
3 28 37 40 41 40 38 32 13 0 0 0 0 0 0 0
第 4 条服务链：2 1
demand：63
NF：45
single COST: 0
4 29 37 40 45 40 38 32 14 0 0 0 0 0 0 0
第 5 条服务链：3 2
demand：180
NF：45
single COST: 6
5 29 37 40 45 40 38 32 15 0 0 0 0 0 0 0
第 6 条服务链：4 1
demand：45
NF：45
single COST: 0
7 30 37 40 45 40 38 33 17 0 0 0 0 0 0 0
第 7 条服务链：4 1
demand：18
NF：45
single COST: 0
9 30 37 40 45 40 38 33 18 0 0 0 0 0 0 0
第 8 条服务链：4 1
demand：180
NF：45
single COST: 0
10 31 38 37 40 45 40 37 39 34 19 0 0 0 0 0
第 9 条服务链：3 2
demand：54
NF：45
single COST: 6
12 31 38 40 45 40 37 28 1 0 0 0 0 0 0 0
第 10 条服务链：1 1
demand：72
NF：41
single COST: 0
14 32 38 40 41 40 37 39 34 19 0 0 0 0 0 0
第 11 条服务链：0 2
demand：180
NF：41
single COST: 4
16 33 38 40 41 40 39 34 20 0 0 0 0 0 0 0
第 12 条服务链：2 1
demand：63
NF：45
single COST: 0
17 33 38 37 40 45 40 39 35 24 0 0 0 0 0 0
第 13 条服务链：1 1
demand：54
NF：41
single COST: 0
18 33 38 37 40 41 40 39 36 26 0 0 0 0 0 0
第 14 条服务链：3 2
demand：180
NF：45
single COST: 6
19 34 39 40 45 40 37 29 6 0 0 0 0 0 0 0
第 15 条服务链：2 1
demand：54
NF：45
single COST: 0
21 34 39 40 45 40 37 30 8 0 0 0 0 0 0 0
第 16 条服务链：1 1
demand：90
NF：41
single COST: 0
1 28 37 39 40 41 40 38 31 10 0 0 0 0 0 0
第 17 条服务链：0 2
demand：90
NF：41
single COST: 4
2 28 37 38 40 41 40 38 31 11 0 0 0 0 0 0
第 18 条服务链：1 1
demand：72
NF：41
single COST: 0
3 28 37 40 41 40 38 32 13 0 0 0 0 0 0 0
第 19 条服务链：2 1
demand：99
NF：45
single COST: 0
4 29 37 38 40 45 40 38 32 14 0 0 0 0 0 0
第 20 条服务链：3 2
demand：90
NF：45
single COST: 6
5 29 37 38 40 45 40 37 38 32 15 0 0 0 0 0
第 21 条服务链：4 1
demand：81
NF：45
single COST: 0
7 30 37 40 45 40 38 33 17 0 0 0 0 0 0 0
第 22 条服务链：4 1
demand：117
NF：45
single COST: 0
9 30 37 40 45 40 38 33 18 0 0 0 0 0 0 0
第 23 条服务链：4 1
demand：90
NF：45
single COST: 0
10 31 38 40 45 40 39 34 19 0 0 0 0 0 0 0
第 24 条服务链：3 2
demand：90
NF：45
single COST: 6
12 31 38 40 45 40 37 28 1 0 0 0 0 0 0 0
第 25 条服务链：1 1
demand：126
NF：41
single COST: 0
14 32 38 37 40 41 40 37 39 34 19 0 0 0 0 0
第 26 条服务链：0 2
demand：90
NF：41
single COST: 4
16 33 38 37 39 40 41 40 39 34 20 0 0 0 0 0
第 27 条服务链：2 1
demand：135
NF：45
single COST: 0
17 33 38 40 45 40 38 39 35 24 0 0 0 0 0 0
第 28 条服务链：1 1
demand：144
NF：41
single COST: 0
18 33 38 37 40 41 40 37 39 36 26 0 0 0 0 0
第 29 条服务链：3 2
demand：90
NF：45
single COST: 6
19 34 39 40 45 40 39 37 29 6 0 0 0 0 0 0
第 30 条服务链：2 1
demand：180
NF：45
single COST: 0
21 34 39 37 40 45 40 37 30 8 0 0 0 0 0 0
第 31 条服务链：2 1
demand：153
NF：45
single COST: 0
21 34 39 40 45 40 39 35 22 0 0 0 0 0 0 0
第 32 条服务链：4 1
demand：90
NF：45
single COST: 0
23 35 39 40 45 40 38 32 13 0 0 0 0 0 0 0
第 33 条服务链：2 1
demand：135
NF：45
single COST: 0
25 36 39 40 45 40 38 33 17 0 0 0 0 0 0 0
第 34 条服务链：3 2
demand：162
NF：45
single COST: 6
26 36 39 38 37 40 45 40 37 29 5 0 0 0 0 0
第 35 条服务链：1 1
demand：90
NF：41
single COST: 0
27 36 39 40 41 40 38 37 30 9 0 0 0 0 0 0
第 36 条服务链：1 1
demand：117
NF：41
single COST: 0
1 28 37 40 41 40 37 38 31 10 0 0 0 0 0 0
第 37 条服务链：0 2
demand：90
NF：41
single COST: 4
12 31 38 40 41 40 38 31 11 0 0 0 0 0 0 0
第 38 条服务链：1 1
demand：81
NF：41
single COST: 0
23 35 39 40 41 40 38 32 13 0 0 0 0 0 0 0
第 39 条服务链：2 1
demand：117
NF：45
single COST: 0
4 29 37 40 45 40 38 32 14 0 0 0 0 0 0 0
第 40 条服务链：3 2
demand：90
NF：-1
single COST: 6
15 0 0 0 0 0 0 0 0 0 0 0 0 0 0 0
第 41 条服务链：4 1
demand：90
NF：45
single COST: 0
27 36 39 38 40 45 40 39 38 33 17 0 0 0 0 0
第 42 条服务链：4 1
demand：45
NF：45
single COST: 0
9 30 37 40 45 40 38 33 18 0 0 0 0 0 0 0
第 43 条服务链：2 1
demand：90
NF：45
single COST: 0
10 31 38 40 45 40 37 39 34 19 0 0 0 0 0 0
第 44 条服务链：3 2
demand：90
NF：45
single COST: 6
12 31 38 40 45 40 39 34 21 0 0 0 0 0 0 0
第 45 条服务链：2 1
demand：72
NF：45
single COST: 0
14 32 38 40 45 40 39 34 19 0 0 0 0 0 0 0

运行时间: 813 ms

--------------------------------
Process exited after 0.9076 seconds with return value 0
请按任意键继续. . .