20 3000
16 1300
20 3000
54 500
12675
224.9
第 1 条服务链：1 1
demand：125
NF：41
single COST: 1.6
16 33 38 40 41 40 39 34 20 -1 0 0 0 0 0 0
第 2 条服务链：4 1
demand：250
NF：42
single COST: 2
17 33 38 37 30 42 30 37 39 35 24 -1 0 0 0 0
第 3 条服务链：3 2
demand：162.5
NF：42
single COST: 8
18 33 38 37 30 42 30 37 39 36 26 -1 0 0 0 0
第 4 条服务链：3 2
demand：75
NF：42
single COST: 8
19 34 39 37 30 42 30 37 39 36 26 -1 0 0 0 0
第 5 条服务链：2 1
demand：112.5
NF：42
single COST: 2
21 34 39 37 30 42 30 37 38 33 18 -1 0 0 0 0
第 6 条服务链：2 1
demand：150
NF：42
single COST: 1.8
21 34 39 37 30 42 30 37 28 2 0 0 0 0 0 0
第 7 条服务链：0 2
demand：187.5
NF：41
single COST: 5.6
23 35 39 40 41 40 38 32 13 -1 0 0 0 0 0 0
第 8 条服务链：2 1
demand：62.5
NF：42
single COST: 1.8
5 29 37 30 42 30 37 38 33 17 -1 0 0 0 0 0
第 9 条服务链：3 2
demand：225
NF：43
single COST: 8
26 36 39 38 33 43 33 38 37 29 5 -1 0 0 0 0
第 10 条服务链：1 1
demand：125
NF：41
single COST: 1.6
7 30 37 40 41 40 39 34 19 -1 0 0 0 0 0 0
第 11 条服务链：2 1
demand：250
NF：42
single COST: 2
21 34 39 37 30 42 30 37 38 33 18 -1 0 0 0 0
第 12 条服务链：1 1
demand：175
NF：41
single COST: 1.6
21 34 39 40 41 40 39 35 22 -1 0 0 0 0 0 0
第 13 条服务链：4 1
demand：125
NF：44
single COST: 2
3 28 37 39 36 44 36 39 38 32 13 -1 0 0 0 0
第 14 条服务链：2 1
demand：125
NF：43
single COST: 2
25 36 39 38 33 43 33 38 37 30 7 -1 0 0 0 0
第 15 条服务链：3 2
demand：137.5
NF：44
single COST: 7.2
26 36 44 36 39 36 25 0 0 0 0 0 0 0 0 0
第 16 条服务链：1 1
demand：250
NF：41
single COST: 1.6
27 36 39 40 41 40 39 34 19 -1 0 0 0 0 0 0
第 17 条服务链：1 1
demand：100
NF：41
single COST: 1.6
18 33 38 40 41 40 38 31 10 -1 0 0 0 0 0 0
第 18 条服务链：0 2
demand：125
NF：41
single COST: 5.6
12 31 38 40 41 40 39 34 21 -1 0 0 0 0 0 0
第 19 条服务链：1 1
demand：237.5
NF：41
single COST: 1.6
23 35 39 40 41 40 37 28 3 -1 0 0 0 0 0 0
第 20 条服务链：2 1
demand：137.5
NF：43
single COST: 1.8
24 35 39 38 33 43 33 38 32 14 0 0 0 0 0 0
第 21 条服务链：3 2
demand：125
NF：44
single COST: 7.4
15 32 38 39 36 44 36 25 0 0 0 0 0 0 0 0
第 22 条服务链：4 0
demand：250
NF：0
single COST: 24
0 0 0 0 0 0 0 0 0 0 0 0 0 0 0 0
第 23 条服务链：2 1
demand：175
NF：44
single COST: 2
9 30 37 39 36 44 36 39 38 33 18 -1 0 0 0 0
第 24 条服务链：2 1
demand：187.5
NF：44
single COST: 1.8
1 28 37 39 36 44 36 39 34 19 0 0 0 0 0 0
第 25 条服务链：3 2
demand：75
NF：44
single COST: 7.8
1 28 37 39 36 44 36 39 34 21 0 0 0 0 0 0
第 26 条服务链：2 1
demand：87.5
NF：44
single COST: 2
14 32 38 39 36 44 36 39 37 30 8 -1 0 0 0 0
第 27 条服务链：2 1
demand：200
NF：45
single COST: 1.6
14 32 38 40 45 40 38 33 18 -1 0 0 0 0 0 0
第 28 条服务链：2 1
demand：125
NF：44
single COST: 1.8
6 29 37 39 36 44 36 39 34 19 0 0 0 0 0 0
第 29 条服务链：3 1
demand：62.5
NF：45
single COST: 13.6
7 30 37 40 45 40 39 34 21 -1 0 0 0 0 0 0
第 30 条服务链：2 1
demand：212.5
NF：45
single COST: 1.6
19 34 39 40 45 40 37 30 8 -1 0 0 0 0 0 0

第 1 条服务链：1 1
demand：150
NF：41
single COST: 0
1 28 37 40 41 40 38 31 10 0 0 0 0 0 0 0
第 2 条服务链：0 2
demand：250
NF：41
single COST: 4
2 28 37 38 40 41 40 38 31 11 0 0 0 0 0 0
第 3 条服务链：1 1
demand：125
NF：41
single COST: 0
3 28 37 40 41 40 37 38 32 13 0 0 0 0 0 0
第 4 条服务链：2 1
demand：87.5
NF：45
single COST: 0
4 29 37 40 45 40 38 32 14 0 0 0 0 0 0 0
第 5 条服务链：3 2
demand：250
NF：45
single COST: 6
5 29 37 40 45 40 38 32 15 0 0 0 0 0 0 0
第 6 条服务链：4 1
demand：62.5
NF：45
single COST: 0
7 30 37 40 45 40 38 33 17 0 0 0 0 0 0 0
第 7 条服务链：4 1
demand：25
NF：43
single COST: 0
9 30 37 38 33 43 33 18 0 0 0 0 0 0 0 0
第 8 条服务链：4 1
demand：250
NF：45
single COST: 0
10 31 38 40 45 40 39 34 19 0 0 0 0 0 0 0
第 9 条服务链：3 2
demand：75
NF：45
single COST: 6
12 31 38 39 40 45 40 37 28 1 0 0 0 0 0 0
第 10 条服务链：1 1
demand：100
NF：41
single COST: 0
14 32 38 40 41 40 39 34 19 0 0 0 0 0 0 0
第 11 条服务链：0 2
demand：250
NF：41
single COST: 4
16 33 38 39 40 41 40 39 34 20 0 0 0 0 0 0
第 12 条服务链：2 1
demand：87.5
NF：45
single COST: 0
17 33 38 40 45 40 39 35 24 0 0 0 0 0 0 0
第 13 条服务链：1 1
demand：75
NF：41
single COST: 0
18 33 38 40 41 40 39 36 26 0 0 0 0 0 0 0
第 14 条服务链：3 2
demand：250
NF：43
single COST: 6
19 34 39 38 33 43 33 38 39 37 29 6 0 0 0 0
第 15 条服务链：2 1
demand：75
NF：45
single COST: 0
21 34 39 38 40 45 40 38 37 30 8 0 0 0 0 0
第 16 条服务链：1 1
demand：125
NF：41
single COST: 0
1 28 37 38 40 41 40 38 31 10 0 0 0 0 0 0
第 17 条服务链：0 2
demand：125
NF：41
single COST: 4
2 28 37 38 40 41 40 38 31 11 0 0 0 0 0 0
第 18 条服务链：1 1
demand：100
NF：41
single COST: 0
3 28 37 38 40 41 40 37 38 32 13 0 0 0 0 0
第 19 条服务链：2 1
demand：137.5
NF：45
single COST: 0
4 29 37 40 45 40 38 32 14 0 0 0 0 0 0 0
第 20 条服务链：3 2
demand：125
NF：45
single COST: 6
5 29 37 39 40 45 40 39 38 32 15 0 0 0 0 0
第 21 条服务链：4 1
demand：112.5
NF：45
single COST: 0
7 30 37 38 40 45 40 39 38 33 17 0 0 0 0 0
第 22 条服务链：4 1
demand：162.5
NF：45
single COST: 0
9 30 37 38 40 45 40 38 33 18 0 0 0 0 0 0
第 23 条服务链：4 1
demand：125
NF：45
single COST: 0
10 31 38 40 45 40 39 34 19 0 0 0 0 0 0 0
第 24 条服务链：3 2
demand：125
NF：45
single COST: 6
12 31 38 40 45 40 37 28 1 0 0 0 0 0 0 0
第 25 条服务链：1 1
demand：175
NF：41
single COST: 0
14 32 38 40 41 40 39 34 19 0 0 0 0 0 0 0
第 26 条服务链：0 2
demand：125
NF：41
single COST: 4
16 33 38 37 40 41 40 39 34 20 0 0 0 0 0 0
第 27 条服务链：2 1
demand：187.5
NF：45
single COST: 0
17 33 38 40 45 40 39 35 24 0 0 0 0 0 0 0
第 28 条服务链：1 1
demand：200
NF：41
single COST: 0
18 33 38 40 41 40 39 36 26 0 0 0 0 0 0 0
第 29 条服务链：3 2
demand：125
NF：45
single COST: 6
19 34 39 40 45 40 38 37 29 6 0 0 0 0 0 0
第 30 条服务链：2 1
demand：250
NF：45
single COST: 0
21 34 39 40 45 40 37 30 8 0 0 0 0 0 0 0
第 31 条服务链：2 1
demand：212.5
NF：45
single COST: 0
21 34 39 40 45 40 39 35 22 0 0 0 0 0 0 0
第 32 条服务链：4 1
demand：125
NF：45
single COST: 0
23 35 39 40 45 40 38 32 13 0 0 0 0 0 0 0
第 33 条服务链：2 1
demand：187.5
NF：43
single COST: 0
25 36 39 38 33 43 33 17 0 0 0 0 0 0 0 0
第 34 条服务链：3 2
demand：225
NF：45
single COST: 6
26 36 39 40 45 40 39 37 29 5 0 0 0 0 0 0
第 35 条服务链：1 1
demand：125
NF：41
single COST: 0
27 36 39 40 41 40 39 38 37 30 9 0 0 0 0 0
第 36 条服务链：1 1
demand：162.5
NF：41
single COST: 0
1 28 37 38 40 41 40 38 31 10 0 0 0 0 0 0
第 37 条服务链：0 2
demand：125
NF：41
single COST: 4
12 31 38 40 41 40 38 31 11 0 0 0 0 0 0 0
第 38 条服务链：1 1
demand：112.5
NF：41
single COST: 0
23 35 39 37 40 41 40 38 32 13 0 0 0 0 0 0
第 39 条服务链：2 1
demand：162.5
NF：45
single COST: 0
4 29 37 39 40 45 40 37 38 32 14 0 0 0 0 0
第 40 条服务链：3 2
demand：125
NF：-1
single COST: 6
15 0 0 0 0 0 0 0 0 0 0 0 0 0 0 0
第 41 条服务链：4 1
demand：125
NF：45
single COST: 0
27 36 39 38 40 45 40 38 33 17 0 0 0 0 0 0
第 42 条服务链：4 1
demand：62.5
NF：45
single COST: 0
9 30 37 40 45 40 38 33 18 0 0 0 0 0 0 0
第 43 条服务链：2 1
demand：125
NF：45
single COST: 0
10 31 38 40 45 40 39 34 19 0 0 0 0 0 0 0
第 44 条服务链：3 2
demand：125
NF：45
single COST: 6
12 31 38 37 40 45 40 39 34 21 0 0 0 0 0 0
第 45 条服务链：2 1
demand：100
NF：43
single COST: 0
14 32 38 33 43 33 38 40 37 39 34 19 0 0 0 0

运行时间: 1063 ms
node_used：
24 7 7 8 27
node_vnf_demand：
0 575 487.5 0 550 500 0 575 462.5 0 1800 2075
node_vnf_count：
0 2 5 0 2 5 0 2 5 0 6 21
205 + 0.7 + 19.2 = 224.9
0 0 0 0 0 0 0 0 0 0 0 0 0 0 0 0 0 0 0 0 0 0 0 0 0 0 0 3300 0 0 0 0 0 0 0 0 0 0 0 0 0 0 0 0 0
0 0 0 0 0 0 0 0 0 0 0 0 0 0 0 0 0 0 0 0 0 0 0 0 0 0 0 3625 0 0 0 0 0 0 0 0 0 0 0 0 0 0 0 0 0
0 0 0 0 0 0 0 0 0 0 0 0 0 0 0 0 0 0 0 0 0 0 0 0 0 0 0 3650 0 0 0 0 0 0 0 0 0 0 0 0 0 0 0 0 0
0 0 0 0 0 0 0 0 0 0 0 0 0 0 0 0 0 0 0 0 0 0 0 0 0 0 0 0 3612.5 0 0 0 0 0 0 0 0 0 0 0 0 0 0 0 0
0 0 0 0 0 0 0 0 0 0 0 0 0 0 0 0 0 0 0 0 0 0 0 0 0 0 0 0 3562.5 0 0 0 0 0 0 0 0 0 0 0 0 0 0 0 0
0 0 0 0 0 0 0 0 0 0 0 0 0 0 0 0 0 0 0 0 0 0 0 0 0 0 0 0 3875 0 0 0 0 0 0 0 0 0 0 0 0 0 0 0 0
0 0 0 0 0 0 0 0 0 0 0 0 0 0 0 0 0 0 0 0 0 0 0 0 0 0 0 0 0 3637.5 0 0 0 0 0 0 0 0 0 0 0 0 0 0 0
0 0 0 0 0 0 0 0 0 0 0 0 0 0 0 0 0 0 0 0 0 0 0 0 0 0 0 0 0 4000 0 0 0 0 0 0 0 0 0 0 0 0 0 0 0
0 0 0 0 0 0 0 0 0 0 0 0 0 0 0 0 0 0 0 0 0 0 0 0 0 0 0 0 0 3575 0 0 0 0 0 0 0 0 0 0 0 0 0 0 0
0 0 0 0 0 0 0 0 0 0 0 0 0 0 0 0 0 0 0 0 0 0 0 0 0 0 0 0 0 0 3500 0 0 0 0 0 0 0 0 0 0 0 0 0 0
0 0 0 0 0 0 0 0 0 0 0 0 0 0 0 0 0 0 0 0 0 0 0 0 0 0 0 0 0 0 4000 0 0 0 0 0 0 0 0 0 0 0 0 0 0
0 0 0 0 0 0 0 0 0 0 0 0 0 0 0 0 0 0 0 0 0 0 0 0 0 0 0 0 0 0 3425 0 0 0 0 0 0 0 0 0 0 0 0 0 0
0 0 0 0 0 0 0 0 0 0 0 0 0 0 0 0 0 0 0 0 0 0 0 0 0 0 0 0 0 0 0 4000 0 0 0 0 0 0 0 0 0 0 0 0 0
0 0 0 0 0 0 0 0 0 0 0 0 0 0 0 0 0 0 0 0 0 0 0 0 0 0 0 0 0 0 0 3337.5 0 0 0 0 0 0 0 0 0 0 0 0 0
0 0 0 0 0 0 0 0 0 0 0 0 0 0 0 0 0 0 0 0 0 0 0 0 0 0 0 0 0 0 0 3875 0 0 0 0 0 0 0 0 0 0 0 0 0
0 0 0 0 0 0 0 0 0 0 0 0 0 0 0 0 0 0 0 0 0 0 0 0 0 0 0 0 0 0 0 0 3500 0 0 0 0 0 0 0 0 0 0 0 0
0 0 0 0 0 0 0 0 0 0 0 0 0 0 0 0 0 0 0 0 0 0 0 0 0 0 0 0 0 0 0 0 3475 0 0 0 0 0 0 0 0 0 0 0 0
0 0 0 0 0 0 0 0 0 0 0 0 0 0 0 0 0 0 0 0 0 0 0 0 0 0 0 0 0 0 0 0 3462.5 0 0 0 0 0 0 0 0 0 0 0 0
0 0 0 0 0 0 0 0 0 0 0 0 0 0 0 0 0 0 0 0 0 0 0 0 0 0 0 0 0 0 0 0 0 3337.5 0 0 0 0 0 0 0 0 0 0 0
0 0 0 0 0 0 0 0 0 0 0 0 0 0 0 0 0 0 0 0 0 0 0 0 0 0 0 0 0 0 0 0 0 4000 0 0 0 0 0 0 0 0 0 0 0
0 0 0 0 0 0 0 0 0 0 0 0 0 0 0 0 0 0 0 0 0 0 0 0 0 0 0 0 0 0 0 0 0 2775 0 0 0 0 0 0 0 0 0 0 0
0 0 0 0 0 0 0 0 0 0 0 0 0 0 0 0 0 0 0 0 0 0 0 0 0 0 0 0 0 0 0 0 0 0 4000 0 0 0 0 0 0 0 0 0 0
0 0 0 0 0 0 0 0 0 0 0 0 0 0 0 0 0 0 0 0 0 0 0 0 0 0 0 0 0 0 0 0 0 0 3337.5 0 0 0 0 0 0 0 0 0 0
0 0 0 0 0 0 0 0 0 0 0 0 0 0 0 0 0 0 0 0 0 0 0 0 0 0 0 0 0 0 0 0 0 0 3862.5 0 0 0 0 0 0 0 0 0 0
0 0 0 0 0 0 0 0 0 0 0 0 0 0 0 0 0 0 0 0 0 0 0 0 0 0 0 0 0 0 0 0 0 0 0 3687.5 0 0 0 0 0 0 0 0 0
0 0 0 0 0 0 0 0 0 0 0 0 0 0 0 0 0 0 0 0 0 0 0 0 0 0 0 0 0 0 0 0 0 0 0 3412.5 0 0 0 0 0 0 0 0 0
0 0 0 0 0 0 0 0 0 0 0 0 0 0 0 0 0 0 0 0 0 0 0 0 0 0 0 0 0 0 0 0 0 0 0 3500 0 0 0 0 0 0 0 0 0
3860 3880 4000 0 0 0 0 0 0 0 0 0 0 0 0 0 0 0 0 0 0 0 0 0 0 0 0 0 0 0 0 0 0 0 0 0 2575 0 0 0 0 0 0 0 0
0 0 0 4000 3685 3737.5 0 0 0 0 0 0 0 0 0 0 0 0 0 0 0 0 0 0 0 0 0 0 0 0 0 0 0 0 0 0 3050 0 0 0 0 0 0 0 0
0 0 0 0 0 0 3900 3500 3887.5 0 0 0 0 0 0 0 0 0 0 0 0 0 0 0 0 0 0 0 0 0 0 0 0 0 0 0 2411.25 0 0 0 0 2937.5 0 0 0
0 0 0 0 0 0 0 0 0 3606.25 3550 4000 0 0 0 0 0 0 0 0 0 0 0 0 0 0 0 0 0 0 0 0 0 0 0 0 0 2925 0 0 0 0 0 0 0
0 0 0 0 0 0 0 0 0 0 0 0 3521.25 3580 3737.5 0 0 0 0 0 0 0 0 0 0 0 0 0 0 0 0 0 0 0 0 0 0 3212.5 0 0 0 0 0 0 0
0 0 0 0 0 0 0 0 0 0 0 0 0 0 0 4000 3590 3235 0 0 0 0 0 0 0 0 0 0 0 0 0 0 0 0 0 0 0 1815 0 0 0 0 2950 0 0
0 0 0 0 0 0 0 0 0 0 0 0 0 0 0 0 0 0 3060 3662.5 3810 0 0 0 0 0 0 0 0 0 0 0 0 0 0 0 0 0 2112.5 0 0 0 0 0 0
0 0 0 0 0 0 0 0 0 0 0 0 0 0 0 0 0 0 0 0 0 3830 4000 3605 0 0 0 0 0 0 0 0 0 0 0 0 0 0 3200 0 0 0 0 0 0
0 0 0 0 0 0 0 0 0 0 0 0 0 0 0 0 0 0 0 0 0 0 0 0 3816.25 3586.25 4000 0 0 0 0 0 0 0 0 0 0 0 2041.25 0 0 0 0 2962.5 0
0 0 0 0 0 0 0 0 0 0 0 0 0 0 0 0 0 0 0 0 0 0 0 0 0 0 0 3740 3422.5 2225 0 0 0 0 0 0 0 2265 2603.75 2575 0 0 0 0 0
0 0 0 0 0 0 0 0 0 0 0 0 0 0 0 0 0 0 0 0 0 0 0 0 0 0 0 0 0 0 3156.25 2838.75 1942.5 0 0 0 2820 0 3287.5 557.5 0 0 0 0 0
0 0 0 0 0 0 0 0 0 0 0 0 0 0 0 0 0 0 0 0 0 0 0 0 0 0 0 0 0 0 0 0 0 2532.5 3435 2590 2897.5 2368.75 0 1262.5 0 0 0 0 0
0 0 0 0 0 0 0 0 0 0 0 0 0 0 0 0 0 0 0 0 0 0 0 0 0 0 0 0 0 0 0 0 0 0 0 0 3077.5 2016.25 1841.25 0 4350 0 0 0 4125
0 0 0 0 0 0 0 0 0 0 0 0 0 0 0 0 0 0 0 0 0 0 0 0 0 0 0 0 0 0 0 0 0 0 0 0 0 0 0 5907.5 0 0 0 0 0
0 0 0 0 0 0 0 0 0 0 0 0 0 0 0 0 0 0 0 0 0 0 0 0 0 0 0 0 0 3198.75 0 0 0 0 0 0 0 0 0 0 0 0 0 0 0
0 0 0 0 0 0 0 0 0 0 0 0 0 0 0 0 0 0 0 0 0 0 0 0 0 0 0 0 0 0 0 0 3210 0 0 0 0 0 0 0 0 0 0 0 0
0 0 0 0 0 0 0 0 0 0 0 0 0 0 0 0 0 0 0 0 0 0 0 0 0 0 0 0 0 0 0 0 0 0 0 3216.25 0 0 0 0 0 0 0 0 0
0 0 0 0 0 0 0 0 0 0 0 0 0 0 0 0 0 0 0 0 0 0 0 0 0 0 0 0 0 0 0 0 0 0 0 0 0 0 0 5107.5 0 0 0 0 0
13 100
13 100
13 100
53 300
11350

--------------------------------
Process exited after 1.451 seconds with return value 0
请按任意键继续. . .