20 3000
20 3000
20 3000
58 2800
12512.5
选择已分配的服务链：
4 8 10 13 16 19 21 23 28 33 36 39 43 node_used：
19 4 4 5 21
node_vnf_demand：
0 175 212.5 0 600 0 0 525 85 0 1875 662.5
node_vnf_count：
0 1 3 0 2 0 0 2 1 0 7 7
662.3

运行时间: 16 ms
194.3
第 1 条服务链：1 1
demand：125
NF：41
single COST: 1.6
16 33 38 40 41 40 39 34 20 -1 0 0 0 0 0 0
第 2 条服务链：4 1
demand：250
NF：43
single COST: 1.4
17 33 43 33 38 39 35 24 -1 0 0 0 0 0 0 0
第 3 条服务链：0 2
demand：162.5
NF：41
single COST: 5.8
18 33 38 37 40 41 40 39 36 26 -1 0 0 0 0 0
第 4 条服务链：3 2
demand：75
NF：44
single COST: 7.2
19 34 39 36 44 36 26 0 0 0 0 0 0 0 0 0
第 5 条服务链：2 1
demand：112.5
NF：43
single COST: 1.4
21 34 39 38 33 43 33 18 0 0 0 0 0 0 0 0
第 6 条服务链：2 1
demand：150
NF：44
single COST: 1.8
21 34 39 36 44 36 39 37 28 2 -1 0 0 0 0 0
第 7 条服务链：0 2
demand：187.5
NF：41
single COST: 5.8
23 35 39 38 40 41 40 38 32 13 -1 0 0 0 0 0
第 8 条服务链：2 1
demand：62.5
NF：43
single COST: 1.4
5 29 37 38 33 43 33 17 0 0 0 0 0 0 0 0
第 9 条服务链：3 2
demand：100
NF：44
single COST: 7.4
26 36 44 36 39 37 29 5 -1 0 0 0 0 0 0 0
第 10 条服务链：1 1
demand：125
NF：41
single COST: 1.6
7 30 37 40 41 40 39 34 19 -1 0 0 0 0 0 0
第 11 条服务链：2 1
demand：162.5
NF：43
single COST: 1.4
21 34 39 38 33 43 33 18 0 0 0 0 0 0 0 0
第 12 条服务链：1 1
demand：175
NF：41
single COST: 1.6
21 34 39 40 41 40 39 35 22 -1 0 0 0 0 0 0
第 13 条服务链：4 1
demand：125
NF：42
single COST: 1.8
3 28 37 30 42 30 37 38 32 13 -1 0 0 0 0 0
第 14 条服务链：2 1
demand：125
NF：44
single COST: 1.4
25 36 44 36 39 37 30 7 -1 0 0 0 0 0 0 0
第 15 条服务链：3 2
demand：137.5
NF：44
single COST: 7.2
26 36 44 36 39 36 25 0 0 0 0 0 0 0 0 0
第 16 条服务链：1 1
demand：250
NF：41
single COST: 1.6
27 36 39 40 41 40 39 34 19 -1 0 0 0 0 0 0
第 17 条服务链：1 1
demand：100
NF：41
single COST: 1.8
18 33 38 39 40 41 40 38 31 10 -1 0 0 0 0 0
第 18 条服务链：0 2
demand：125
NF：41
single COST: 5.6
12 31 38 40 41 40 39 34 21 -1 0 0 0 0 0 0
第 19 条服务链：1 1
demand：237.5
NF：41
single COST: 1.8
23 35 39 38 40 41 40 37 28 3 -1 0 0 0 0 0
第 20 条服务链：2 1
demand：137.5
NF：44
single COST: 1.8
24 35 39 36 44 36 39 38 32 14 -1 0 0 0 0 0
第 21 条服务链：3 2
demand：125
NF：44
single COST: 7.4
15 32 38 39 36 44 36 25 0 0 0 0 0 0 0 0
第 22 条服务链：0 2
demand：250
NF：41
single COST: 5.8
7 30 37 39 40 41 40 38 33 17 -1 0 0 0 0 0
第 23 条服务链：2 1
demand：175
NF：43
single COST: 1.4
9 30 37 38 33 43 33 18 0 0 0 0 0 0 0 0
第 24 条服务链：2 1
demand：187.5
NF：44
single COST: 1.8
1 28 37 39 36 44 36 39 34 19 0 0 0 0 0 0
第 25 条服务链：3 2
demand：75
NF：45
single COST: 7.6
1 28 37 40 45 40 39 34 21 -1 0 0 0 0 0 0
第 26 条服务链：2 1
demand：87.5
NF：42
single COST: 1.4
14 32 38 37 30 42 30 8 0 0 0 0 0 0 0 0
第 27 条服务链：2 1
demand：200
NF：43
single COST: 1.2
14 32 38 33 43 33 18 0 0 0 0 0 0 0 0 0
第 28 条服务链：2 1
demand：125
NF：45
single COST: 1.6
6 29 37 40 45 40 39 34 19 -1 0 0 0 0 0 0
第 29 条服务链：3 2
demand：62.5
NF：42
single COST: 7.4
7 30 42 30 37 39 34 21 -1 0 0 0 0 0 0 0
第 30 条服务链：2 1
demand：93.75
NF：42
single COST: 1.4
19 34 39 37 30 42 30 8 0 0 0 0 0 0 0 0

第 1 条服务链：1 1
demand：150
NF：41
single COST: 1
1 28 37 39 40 41 40 39 37 38 31 10 0 0 0 0
第 2 条服务链：0 2
demand：187.5
NF：41
single COST: 4
2 28 37 40 41 40 39 38 31 11 0 0 0 0 0 0
第 3 条服务链：1 1
demand：125
NF：41
single COST: 0
3 28 37 38 40 41 40 38 32 13 0 0 0 0 0 0
第 4 条服务链：2 1
demand：87.5
NF：45
single COST: 0
4 29 37 40 45 40 38 32 14 0 0 0 0 0 0 0
第 5 条服务链：3 2
demand：85
NF：45
single COST: 6
5 29 37 40 45 40 38 32 15 -1 0 0 0 0 0 0
第 6 条服务链：4 1
demand：62.5
NF：45
single COST: 0
7 30 37 40 45 40 39 38 33 17 0 0 0 0 0 0
第 7 条服务链：4 1
demand：25
NF：45
single COST: 0
9 30 37 39 40 45 40 38 33 18 0 0 0 0 0 0
第 8 条服务链：4 1
demand：25
NF：45
single COST: 0
10 31 38 37 40 45 40 39 34 19 0 0 0 0 0 0
第 9 条服务链：3 2
demand：75
NF：45
single COST: 6
12 31 38 39 40 45 40 37 28 1 -1 0 0 0 0 0
第 10 条服务链：1 1
demand：100
NF：41
single COST: 0
14 32 38 39 40 41 40 37 39 34 19 0 0 0 0 0
第 11 条服务链：0 2
demand：187.5
NF：41
single COST: 4.4
16 33 38 37 40 41 40 39 34 20 -1 0 0 0 0 0
第 12 条服务链：2 1
demand：87.5
NF：45
single COST: 0
17 33 38 40 45 40 39 35 24 0 0 0 0 0 0 0
第 13 条服务链：1 1
demand：75
NF：41
single COST: 0
18 33 38 37 40 41 40 39 36 26 0 0 0 0 0 0
第 14 条服务链：3 2
demand：150
NF：43
single COST: 7
19 34 39 38 33 43 33 38 37 29 6 -1 0 0 0 0
第 15 条服务链：2 1
demand：75
NF：45
single COST: 0
21 34 39 40 45 40 37 30 8 0 0 0 0 0 0 0
第 16 条服务链：1 1
demand：125
NF：41
single COST: 0
1 28 37 38 40 41 40 38 31 10 0 0 0 0 0 0
第 17 条服务链：0 2
demand：125
NF：41
single COST: 4
2 28 37 40 41 40 38 31 11 -1 0 0 0 0 0 0
第 18 条服务链：1 1
demand：100
NF：41
single COST: 0
3 28 37 38 40 41 40 37 38 32 13 0 0 0 0 0
第 19 条服务链：2 1
demand：137.5
NF：45
single COST: 0
4 29 37 38 40 45 40 37 38 32 14 0 0 0 0 0
第 20 条服务链：3 2
demand：125
NF：45
single COST: 6
5 29 37 40 45 40 38 32 15 -1 0 0 0 0 0 0
第 21 条服务链：4 1
demand：112.5
NF：45
single COST: 0
7 30 37 40 45 40 38 33 17 0 0 0 0 0 0 0
第 22 条服务链：0 2
demand：162.5
NF：41
single COST: 4
9 30 37 40 41 40 38 33 18 -1 0 0 0 0 0 0
第 23 条服务链：4 1
demand：125
NF：45
single COST: 0
10 31 38 40 45 40 39 34 19 0 0 0 0 0 0 0
第 24 条服务链：3 2
demand：125
NF：45
single COST: 6
12 31 38 39 40 45 40 37 28 1 -1 0 0 0 0 0
第 25 条服务链：1 1
demand：175
NF：41
single COST: 0
14 32 38 37 39 40 41 40 37 39 34 19 0 0 0 0
第 26 条服务链：0 2
demand：125
NF：41
single COST: 4
16 33 38 40 41 40 39 34 20 0 0 0 0 0 0 0
第 27 条服务链：2 1
demand：187.5
NF：45
single COST: 0
17 33 38 40 45 40 39 35 24 0 0 0 0 0 0 0
第 28 条服务链：1 1
demand：200
NF：41
single COST: 0
18 33 38 39 40 41 40 38 39 36 26 0 0 0 0 0
第 29 条服务链：3 2
demand：125
NF：45
single COST: 6
19 34 39 40 45 40 37 29 6 -1 0 0 0 0 0 0
第 30 条服务链：2 1
demand：250
NF：45
single COST: 0
21 34 39 37 40 45 40 38 37 30 8 0 0 0 0 0
第 31 条服务链：2 1
demand：212.5
NF：45
single COST: 0
21 34 39 40 45 40 39 35 22 0 0 0 0 0 0 0
第 32 条服务链：4 1
demand：125
NF：45
single COST: 0
23 35 39 37 40 45 40 38 32 13 0 0 0 0 0 0
第 33 条服务链：2 1
demand：187.5
NF：45
single COST: 0
25 36 39 38 40 45 40 38 33 17 0 0 0 0 0 0
第 34 条服务链：3 2
demand：87.5
NF：45
single COST: 6
26 36 39 40 45 40 37 29 5 -1 0 0 0 0 0 0
第 35 条服务链：1 1
demand：125
NF：41
single COST: 0
27 36 39 40 41 40 37 30 9 0 0 0 0 0 0 0
第 36 条服务链：1 1
demand：162.5
NF：41
single COST: 0
1 28 37 40 41 40 38 31 10 0 0 0 0 0 0 0
第 37 条服务链：0 2
demand：125
NF：41
single COST: 4
12 31 38 40 41 40 38 31 11 -1 0 0 0 0 0 0
第 38 条服务链：1 1
demand：112.5
NF：41
single COST: 0
23 35 39 37 38 40 41 40 38 32 13 0 0 0 0 0
第 39 条服务链：2 1
demand：162.5
NF：45
single COST: 0
4 29 37 40 45 40 38 32 14 0 0 0 0 0 0 0
第 40 条服务链：3 2
demand：125
NF：45
single COST: 6
15 32 38 40 45 40 39 34 20 -1 0 0 0 0 0 0
第 41 条服务链：4 1
demand：125
NF：45
single COST: 0
27 36 39 40 45 40 39 38 33 17 0 0 0 0 0 0
第 42 条服务链：4 1
demand：62.5
NF：45
single COST: 0
9 30 37 40 45 40 38 33 18 0 0 0 0 0 0 0
第 43 条服务链：2 1
demand：125
NF：45
single COST: 0
10 31 38 40 45 40 37 39 34 19 0 0 0 0 0 0
第 44 条服务链：0 2
demand：125
NF：41
single COST: 4.4
12 31 38 39 40 41 40 39 34 21 -1 0 0 0 0 0
第 45 条服务链：2 1
demand：100
NF：45
single COST: 0
14 32 38 40 45 40 39 34 19 0 0 0 0 0 0 0

运行时间: 906 ms
node_used：
29 4 7 8 28
node_vnf_demand：
0 181.25 187.5 0 712.5 400 0 600 437.5 0 1737.5 1485
node_vnf_count：
0 1 2 0 3 4 0 2 5 0 6 15
128 + 49.2 + 0.7 + 15.2 = 193.1
0 0 0 0 0 0 0 0 0 0 0 0 0 0 0 0 0 0 0 0 0 0 0 0 0 0 0 1800 0 0 0 0 0 0 0 0 0 0 0 0 0 0 0 0 0
0 0 0 0 0 0 0 0 0 0 0 0 0 0 0 0 0 0 0 0 0 0 0 0 0 0 0 2187.5 0 0 0 0 0 0 0 0 0 0 0 0 0 0 0 0 0
0 0 0 0 0 0 0 0 0 0 0 0 0 0 0 0 0 0 0 0 0 0 0 0 0 0 0 2150 0 0 0 0 0 0 0 0 0 0 0 0 0 0 0 0 0
0 0 0 0 0 0 0 0 0 0 0 0 0 0 0 0 0 0 0 0 0 0 0 0 0 0 0 0 2112.5 0 0 0 0 0 0 0 0 0 0 0 0 0 0 0 0
0 0 0 0 0 0 0 0 0 0 0 0 0 0 0 0 0 0 0 0 0 0 0 0 0 0 0 0 2227.5 0 0 0 0 0 0 0 0 0 0 0 0 0 0 0 0
0 0 0 0 0 0 0 0 0 0 0 0 0 0 0 0 0 0 0 0 0 0 0 0 0 0 0 0 2375 0 0 0 0 0 0 0 0 0 0 0 0 0 0 0 0
0 0 0 0 0 0 0 0 0 0 0 0 0 0 0 0 0 0 0 0 0 0 0 0 0 0 0 0 0 1887.5 0 0 0 0 0 0 0 0 0 0 0 0 0 0 0
0 0 0 0 0 0 0 0 0 0 0 0 0 0 0 0 0 0 0 0 0 0 0 0 0 0 0 0 0 2500 0 0 0 0 0 0 0 0 0 0 0 0 0 0 0
0 0 0 0 0 0 0 0 0 0 0 0 0 0 0 0 0 0 0 0 0 0 0 0 0 0 0 0 0 2075 0 0 0 0 0 0 0 0 0 0 0 0 0 0 0
0 0 0 0 0 0 0 0 0 0 0 0 0 0 0 0 0 0 0 0 0 0 0 0 0 0 0 0 0 0 2225 0 0 0 0 0 0 0 0 0 0 0 0 0 0
0 0 0 0 0 0 0 0 0 0 0 0 0 0 0 0 0 0 0 0 0 0 0 0 0 0 0 0 0 0 2500 0 0 0 0 0 0 0 0 0 0 0 0 0 0
0 0 0 0 0 0 0 0 0 0 0 0 0 0 0 0 0 0 0 0 0 0 0 0 0 0 0 0 0 0 1925 0 0 0 0 0 0 0 0 0 0 0 0 0 0
0 0 0 0 0 0 0 0 0 0 0 0 0 0 0 0 0 0 0 0 0 0 0 0 0 0 0 0 0 0 0 2500 0 0 0 0 0 0 0 0 0 0 0 0 0
0 0 0 0 0 0 0 0 0 0 0 0 0 0 0 0 0 0 0 0 0 0 0 0 0 0 0 0 0 0 0 1837.5 0 0 0 0 0 0 0 0 0 0 0 0 0
0 0 0 0 0 0 0 0 0 0 0 0 0 0 0 0 0 0 0 0 0 0 0 0 0 0 0 0 0 0 0 2250 0 0 0 0 0 0 0 0 0 0 0 0 0
0 0 0 0 0 0 0 0 0 0 0 0 0 0 0 0 0 0 0 0 0 0 0 0 0 0 0 0 0 0 0 0 2062.5 0 0 0 0 0 0 0 0 0 0 0 0
0 0 0 0 0 0 0 0 0 0 0 0 0 0 0 0 0 0 0 0 0 0 0 0 0 0 0 0 0 0 0 0 1975 0 0 0 0 0 0 0 0 0 0 0 0
0 0 0 0 0 0 0 0 0 0 0 0 0 0 0 0 0 0 0 0 0 0 0 0 0 0 0 0 0 0 0 0 1962.5 0 0 0 0 0 0 0 0 0 0 0 0
0 0 0 0 0 0 0 0 0 0 0 0 0 0 0 0 0 0 0 0 0 0 0 0 0 0 0 0 0 0 0 0 0 2056.25 0 0 0 0 0 0 0 0 0 0 0
0 0 0 0 0 0 0 0 0 0 0 0 0 0 0 0 0 0 0 0 0 0 0 0 0 0 0 0 0 0 0 0 0 2500 0 0 0 0 0 0 0 0 0 0 0
0 0 0 0 0 0 0 0 0 0 0 0 0 0 0 0 0 0 0 0 0 0 0 0 0 0 0 0 0 0 0 0 0 1362.5 0 0 0 0 0 0 0 0 0 0 0
0 0 0 0 0 0 0 0 0 0 0 0 0 0 0 0 0 0 0 0 0 0 0 0 0 0 0 0 0 0 0 0 0 0 2500 0 0 0 0 0 0 0 0 0 0
0 0 0 0 0 0 0 0 0 0 0 0 0 0 0 0 0 0 0 0 0 0 0 0 0 0 0 0 0 0 0 0 0 0 1837.5 0 0 0 0 0 0 0 0 0 0
0 0 0 0 0 0 0 0 0 0 0 0 0 0 0 0 0 0 0 0 0 0 0 0 0 0 0 0 0 0 0 0 0 0 2362.5 0 0 0 0 0 0 0 0 0 0
0 0 0 0 0 0 0 0 0 0 0 0 0 0 0 0 0 0 0 0 0 0 0 0 0 0 0 0 0 0 0 0 0 0 0 2187.5 0 0 0 0 0 0 0 0 0
0 0 0 0 0 0 0 0 0 0 0 0 0 0 0 0 0 0 0 0 0 0 0 0 0 0 0 0 0 0 0 0 0 0 0 2175 0 0 0 0 0 0 0 0 0
0 0 0 0 0 0 0 0 0 0 0 0 0 0 0 0 0 0 0 0 0 0 0 0 0 0 0 0 0 0 0 0 0 0 0 2000 0 0 0 0 0 0 0 0 0
2360 2380 2500 0 0 0 0 0 0 0 0 0 0 0 0 0 0 0 0 0 0 0 0 0 0 0 0 0 0 0 0 0 0 0 0 0 1137.5 0 0 0 0 0 0 0 0
0 0 0 2500 2368.75 2307.5 0 0 0 0 0 0 0 0 0 0 0 0 0 0 0 0 0 0 0 0 0 0 0 0 0 0 0 0 0 0 1715 0 0 0 0 0 0 0 0
0 0 0 0 0 0 2400 2095 2387.5 0 0 0 0 0 0 0 0 0 0 0 0 0 0 0 0 0 0 0 0 0 0 0 0 0 0 0 1393.75 0 0 0 0 2131.25 0 0 0
0 0 0 0 0 0 0 0 0 2106.25 2218.75 2500 0 0 0 0 0 0 0 0 0 0 0 0 0 0 0 0 0 0 0 0 0 0 0 0 0 1650 0 0 0 0 0 0 0
0 0 0 0 0 0 0 0 0 0 0 0 2021.25 2080 2353 0 0 0 0 0 0 0 0 0 0 0 0 0 0 0 0 0 0 0 0 0 0 1587.5 0 0 0 0 0 0 0
0 0 0 0 0 0 0 0 0 0 0 0 0 0 0 2500 2090 1918.75 0 0 0 0 0 0 0 0 0 0 0 0 0 0 0 0 0 0 0 970 0 0 0 0 1387.5 0 0
0 0 0 0 0 0 0 0 0 0 0 0 0 0 0 0 0 0 1717.5 2300 2403.75 0 0 0 0 0 0 0 0 0 0 0 0 0 0 0 0 0 918.75 0 0 0 0 0 0
0 0 0 0 0 0 0 0 0 0 0 0 0 0 0 0 0 0 0 0 0 2330 2500 2105 0 0 0 0 0 0 0 0 0 0 0 0 0 0 1700 0 0 0 0 0 0
0 0 0 0 0 0 0 0 0 0 0 0 0 0 0 0 0 0 0 0 0 0 0 0 2316.25 2200 2500 0 0 0 0 0 0 0 0 0 0 0 1078.75 0 0 0 0 1462.5 0
0 0 0 0 0 0 0 0 0 0 0 0 0 0 0 0 0 0 0 0 0 0 0 0 0 0 0 2240 2176.25 1721.25 0 0 0 0 0 0 0 1240 1321.25 15 0 0 0 0 0
0 0 0 0 0 0 0 0 0 0 0 0 0 0 0 0 0 0 0 0 0 0 0 0 0 0 0 0 0 0 1825 1454.25 1216.25 0 0 0 1482.5 0 1295 37.5 0 0 0 0 0
0 0 0 0 0 0 0 0 0 0 0 0 0 0 0 0 0 0 0 0 0 0 0 0 0 0 0 0 0 0 0 0 0 1421.25 1935 1481.25 1493.75 1052.5 0 0 0 0 0 0 0
0 0 0 0 0 0 0 0 0 0 0 0 0 0 0 0 0 0 0 0 0 0 0 0 0 0 0 0 0 0 0 0 0 0 0 0 1491.25 810.5 1070 0 775 0 0 0 1777.5
0 0 0 0 0 0 0 0 0 0 0 0 0 0 0 0 0 0 0 0 0 0 0 0 0 0 0 0 0 0 0 0 0 0 0 0 0 0 0 3301.25 0 0 0 0 0
0 0 0 0 0 0 0 0 0 0 0 0 0 0 0 0 0 0 0 0 0 0 0 0 0 0 0 0 0 2223.75 0 0 0 0 0 0 0 0 0 0 0 0 0 0 0
0 0 0 0 0 0 0 0 0 0 0 0 0 0 0 0 0 0 0 0 0 0 0 0 0 0 0 0 0 0 0 0 1650 0 0 0 0 0 0 0 0 0 0 0 0
0 0 0 0 0 0 0 0 0 0 0 0 0 0 0 0 0 0 0 0 0 0 0 0 0 0 0 0 0 0 0 0 0 0 0 1713.75 0 0 0 0 0 0 0 0 0
0 0 0 0 0 0 0 0 0 0 0 0 0 0 0 0 0 0 0 0 0 0 0 0 0 0 0 0 0 0 0 0 0 0 0 0 0 0 0 2570.5 0 0 0 0 0
17 1800
13 400
13 100
59 3300
10775

--------------------------------
Process exited after 1.262 seconds with return value 0
请按任意键继续. . .