20 3000
20 3000
20 3000
44 4400
17664
514.5
选择已分配的服务链：
4 8 10 13
运行时间: 15 ms
87.5

运行时间: 15 ms
第 1 条服务链：1 1
demand：16
NF：41
single COST: 2
1 28 37 38 39 40 41 40 38 31 10 -1 0 0 0 0
第 2 条服务链：0 2
demand：160
NF：45
single COST: 6
2 28 37 40 45 40 37 39 38 31 11 0 0 0 0 0
第 3 条服务链：1 1
demand：1280
NF：41
single COST: 1.6
3 28 37 40 41 40 38 32 13 -1 0 0 0 0 0 0
第 4 条服务链：2 1
demand：16
NF：45
single COST: 1.8
4 29 37 38 40 45 40 38 32 14 -1 0 0 0 0 0
第 5 条服务链：3 2
demand：160
NF：43
single COST: 10
5 29 37 39 38 33 43 33 38 32 15 0 0 0 0 0
第 6 条服务链：4 1
demand：144
NF：43
single COST: 1.4
7 30 37 38 33 43 33 17 0 0 0 0 0 0 0 0
第 7 条服务链：4 1
demand：16
NF：43
single COST: 1.4
9 30 37 38 33 43 33 18 0 0 0 0 0 0 0 0
第 8 条服务链：4 1
demand：160
NF：43
single COST: 1.8
10 31 38 33 43 33 38 39 34 19 -1 0 0 0 0 0
第 9 条服务链：3 2
demand：160
NF：45
single COST: 9.6
12 31 38 40 45 40 37 28 1 -1 0 0 0 0 0 0
第 10 条服务链：1 1
demand：16
NF：45
single COST: 1.6
14 32 38 40 45 40 39 34 19 -1 0 0 0 0 0 0

第 1 条服务链：1 1
demand：32
NF：41
single COST: 0
1 28 37 40 41 40 38 31 10 0 0 0 0 0 0 0
第 2 条服务链：0 2
demand：320
NF：41
single COST: 4
2 28 37 40 41 40 38 31 11 0 0 0 0 0 0 0
第 3 条服务链：1 1
demand：1600
NF：41
single COST: 0
3 28 37 40 41 40 38 32 13 0 0 0 0 0 0 0
第 4 条服务链：2 1
demand：32
NF：45
single COST: 0
4 29 37 40 45 40 38 32 14 0 0 0 0 0 0 0
第 5 条服务链：3 2
demand：320
NF：45
single COST: 8
5 29 37 40 45 40 38 32 15 -1 0 0 0 0 0 0
第 6 条服务链：4 1
demand：800
NF：45
single COST: 0
7 30 37 40 45 40 39 37 38 33 17 0 0 0 0 0
第 7 条服务链：4 1
demand：32
NF：45
single COST: 0
9 30 37 40 45 40 38 33 18 0 0 0 0 0 0 0
第 8 条服务链：4 1
demand：320
NF：45
single COST: 0
10 31 38 40 45 40 39 34 19 0 0 0 0 0 0 0
第 9 条服务链：3 2
demand：960
NF：45
single COST: 8
12 31 38 37 40 45 40 37 28 1 -1 0 0 0 0 0
第 10 条服务链：1 1
demand：32
NF：41
single COST: 0
14 32 38 40 41 40 39 34 19 0 0 0 0 0 0 0
第 11 条服务链：0 2
demand：320
NF：41
single COST: 4
16 33 38 37 40 41 40 39 34 20 0 0 0 0 0 0
第 12 条服务链：2 1
demand：1120
NF：45
single COST: 0
17 33 38 39 40 45 40 39 35 24 0 0 0 0 0 0
第 13 条服务链：1 1
demand：32
NF：41
single COST: 0
18 33 38 37 40 41 40 39 36 26 0 0 0 0 0 0
第 14 条服务链：3 2
demand：320
NF：45
single COST: 8
19 34 39 40 45 40 37 29 6 -1 0 0 0 0 0 0
第 15 条服务链：2 1
demand：960
NF：45
single COST: 0
21 34 39 40 45 40 39 37 30 8 0 0 0 0 0 0
node_used：
8 0 4 0 13
node_vnf_demand：
0 0 0 0 0 480 0 0 0 176 2128 2912
node_vnf_count：
0 0 0 0 0 5 0 0 0 1 8 30
69.2 + 0.3 + 17.6 = 87.1
20 3000
15 500
20 3000
41 3300
16368

--------------------------------
Process exited after 1.009 seconds with return value 0
请按任意键继续. . .