20 3000
20 3000
20 3000
62 4500
13010
node_used：
18 0 0 0 27
node_vnf_demand：
0 0 0 0 0 0 0 0 0 0 1290 1248
node_vnf_count：
0 0 0 0 0 0 0 0 0 0 5 13
第1条服务链：1 0 1
路径分配成功！
第2条服务链：4 0 1
节点能用
路径分配成功！
第3条服务链：0 0 2
路径分配成功！
第4条服务链：3 0 2
节点能用
路径分配成功！
第5条服务链：2 0 1
节点能用
路径分配成功！
第6条服务链：2 0 1
节点能用
路径分配成功！
第7条服务链：0 0 2
路径分配成功！
第8条服务链：2 0 1
节点能用
路径分配成功！
第9条服务链：3 0 2
节点能用
路径分配成功！
第10条服务链：1 0 1
路径分配成功！
第11条服务链：2 0 1
节点能用
路径分配成功！
第12条服务链：1 0 1
路径分配成功！
第13条服务链：4 0 1
节点能用
路径分配成功！
第14条服务链：2 0 1
节点能用
路径分配成功！
第15条服务链：3 0 2
节点不能用
节点能用
路径分配成功！
第16条服务链：1 0 1
路径分配成功！
第17条服务链：1 0 1
路径分配成功！
第18条服务链：0 0 2
路径分配成功！
第19条服务链：1 0 1
路径分配成功！
第20条服务链：2 0 1
节点能用
路径分配成功！
第21条服务链：3 0 2
节点不能用
节点能用
路径分配成功！
第22条服务链：0 0 2
路径分配成功！
第23条服务链：2 0 1
节点不能用
节点能用
路径分配成功！
第24条服务链：2 0 1
节点不能用
节点能用
路径分配成功！
第25条服务链：3 0 2
节点能用
路径分配成功！
第26条服务链：2 0 1
节点不能用
节点能用
路径分配成功！
第27条服务链：2 0 1
节点不能用
节点能用
路径分配成功！
第28条服务链：2 0 1
节点不能用
节点能用
路径分配成功！
第29条服务链：3 0 2
节点不能用
节点能用
路径分配成功！
第30条服务链：2 0 1
节点不能用
节点能用
路径分配成功！
193.5
第 1 条服务链：1 1
demand：100
NF：41
single COST: 1.6
16 33 38 40 41 40 39 34 20 -1 0 0 0 0 0 0
第 2 条服务链：4 1
demand：200
NF：42
single COST: 2
17 33 38 37 30 42 30 37 39 35 24 -1 0 0 0 0
第 3 条服务链：0 2
demand：130
NF：41
single COST: 5.6
18 33 38 40 41 40 39 36 26 -1 0 0 0 0 0 0
第 4 条服务链：3 2
demand：60
NF：42
single COST: 8
19 34 39 37 30 42 30 37 39 36 26 -1 0 0 0 0
第 5 条服务链：2 1
demand：90
NF：42
single COST: 2
21 34 39 37 30 42 30 37 38 33 18 -1 0 0 0 0
第 6 条服务链：2 1
demand：120
NF：42
single COST: 1.8
21 34 39 37 30 42 30 37 28 2 0 0 0 0 0 0
第 7 条服务链：0 2
demand：150
NF：41
single COST: 5.6
23 35 39 40 41 40 38 32 13 -1 0 0 0 0 0 0
第 8 条服务链：2 1
demand：50
NF：42
single COST: 1.8
5 29 37 30 42 30 37 38 33 17 -1 0 0 0 0 0
第 9 条服务链：3 2
demand：80
NF：42
single COST: 7.8
26 36 39 37 30 42 30 37 29 5 0 0 0 0 0 0
第 10 条服务链：1 1
demand：100
NF：41
single COST: 1.6
7 30 37 40 41 40 39 34 19 -1 0 0 0 0 0 0
第 11 条服务链：2 1
demand：130
NF：42
single COST: 2
21 34 39 37 30 42 30 37 38 33 18 -1 0 0 0 0
第 12 条服务链：1 1
demand：140
NF：41
single COST: 1.6
21 34 39 40 41 40 39 35 22 -1 0 0 0 0 0 0
第 13 条服务链：4 1
demand：100
NF：42
single COST: 1.8
3 28 37 30 42 30 37 38 32 13 -1 0 0 0 0 0
第 14 条服务链：2 1
demand：100
NF：42
single COST: 1.4
25 36 39 37 30 42 30 7 0 0 0 0 0 0 0 0
第 15 条服务链：3 2
demand：110
NF：43
single COST: 8
26 36 39 38 33 43 33 38 39 36 25 -1 0 0 0 0
第 16 条服务链：1 1
demand：200
NF：41
single COST: 1.6
27 36 39 40 41 40 39 34 19 -1 0 0 0 0 0 0
第 17 条服务链：1 1
demand：80
NF：41
single COST: 1.6
18 33 38 40 41 40 38 31 10 -1 0 0 0 0 0 0
第 18 条服务链：0 2
demand：100
NF：41
single COST: 5.6
12 31 38 40 41 40 39 34 21 -1 0 0 0 0 0 0
第 19 条服务链：1 1
demand：190
NF：41
single COST: 1.6
23 35 39 40 41 40 37 28 3 -1 0 0 0 0 0 0
第 20 条服务链：2 1
demand：110
NF：42
single COST: 2
24 35 39 37 30 42 30 37 38 32 14 -1 0 0 0 0
第 21 条服务链：3 2
demand：100
NF：43
single COST: 7.8
15 32 38 33 43 33 38 39 36 25 -1 0 0 0 0 0
第 22 条服务链：0 2
demand：200
NF：41
single COST: 5.6
7 30 37 40 41 40 38 33 17 -1 0 0 0 0 0 0
第 23 条服务链：2 1
demand：140
NF：43
single COST: 1.4
9 30 37 38 33 43 33 18 0 0 0 0 0 0 0 0
第 24 条服务链：2 1
demand：150
NF：43
single COST: 2
1 28 37 38 33 43 33 38 39 34 19 -1 0 0 0 0
第 25 条服务链：3 2
demand：60
NF：42
single COST: 7.8
1 28 37 30 42 30 37 39 34 21 -1 0 0 0 0 0
第 26 条服务链：2 1
demand：70
NF：43
single COST: 1.8
14 32 38 33 43 33 38 37 30 8 -1 0 0 0 0 0
第 27 条服务链：2 1
demand：160
NF：43
single COST: 1.2
14 32 38 33 43 33 18 0 0 0 0 0 0 0 0 0
第 28 条服务链：2 1
demand：100
NF：43
single COST: 2
6 29 37 38 33 43 33 38 39 34 19 -1 0 0 0 0
第 29 条服务链：3 2
demand：50
NF：43
single COST: 8
7 30 37 38 33 43 33 38 39 34 21 -1 0 0 0 0
第 30 条服务链：2 1
demand：75
NF：43
single COST: 2
19 34 39 38 33 43 33 38 37 30 8 -1 0 0 0 0

第 1 条服务链：1 1
demand：120
NF：41
single COST: 0
1 28 37 38 40 41 40 39 38 31 10 0 0 0 0 0
第 2 条服务链：0 2
demand：150
NF：41
single COST: 4
2 28 37 39 40 41 40 38 31 11 0 0 0 0 0 0
第 3 条服务链：1 1
demand：100
NF：41
single COST: 0
3 28 37 40 41 40 38 32 13 0 0 0 0 0 0 0
第 4 条服务链：2 1
demand：70
NF：45
single COST: 0
4 29 37 38 39 40 45 40 38 32 14 0 0 0 0 0
第 5 条服务链：3 2
demand：68
NF：45
single COST: 6
5 29 37 38 40 45 40 38 32 15 0 0 0 0 0 0
第 6 条服务链：4 1
demand：50
NF：45
single COST: 0
7 30 37 40 45 40 38 33 17 0 0 0 0 0 0 0
第 7 条服务链：4 1
demand：20
NF：45
single COST: 0
9 30 37 38 40 45 40 38 33 18 0 0 0 0 0 0
第 8 条服务链：4 1
demand：20
NF：45
single COST: 0
10 31 38 37 40 45 40 37 39 34 19 0 0 0 0 0
第 9 条服务链：3 2
demand：60
NF：45
single COST: 6
12 31 38 40 45 40 37 28 1 0 0 0 0 0 0 0
第 10 条服务链：1 1
demand：80
NF：41
single COST: 0
14 32 38 37 40 41 40 37 39 34 19 0 0 0 0 0
第 11 条服务链：0 2
demand：150
NF：41
single COST: 4
16 33 38 40 41 40 39 34 20 0 0 0 0 0 0 0
第 12 条服务链：2 1
demand：70
NF：45
single COST: 0
17 33 38 40 45 40 39 35 24 0 0 0 0 0 0 0
第 13 条服务链：1 1
demand：60
NF：41
single COST: 0
18 33 38 40 41 40 39 36 26 0 0 0 0 0 0 0
第 14 条服务链：3 2
demand：120
NF：45
single COST: 6
19 34 39 40 45 40 37 29 6 0 0 0 0 0 0 0
第 15 条服务链：2 1
demand：60
NF：45
single COST: 0
21 34 39 40 45 40 37 30 8 0 0 0 0 0 0 0
第 16 条服务链：1 1
demand：100
NF：41
single COST: 0
1 28 37 40 41 40 38 31 10 0 0 0 0 0 0 0
第 17 条服务链：0 2
demand：100
NF：41
single COST: 4
2 28 37 40 41 40 38 31 11 0 0 0 0 0 0 0
第 18 条服务链：1 1
demand：80
NF：41
single COST: 0
3 28 37 40 41 40 38 32 13 0 0 0 0 0 0 0
第 19 条服务链：2 1
demand：110
NF：45
single COST: 0
4 29 37 39 40 45 40 37 38 32 14 0 0 0 0 0
第 20 条服务链：3 2
demand：100
NF：45
single COST: 6
5 29 37 40 45 40 38 32 15 0 0 0 0 0 0 0
第 21 条服务链：4 1
demand：90
NF：45
single COST: 0
7 30 37 38 40 45 40 38 33 17 0 0 0 0 0 0
第 22 条服务链：0 2
demand：130
NF：41
single COST: 4
9 30 37 40 41 40 38 33 18 0 0 0 0 0 0 0
第 23 条服务链：4 1
demand：100
NF：45
single COST: 0
10 31 38 37 40 45 40 39 34 19 0 0 0 0 0 0
第 24 条服务链：3 2
demand：100
NF：45
single COST: 6
12 31 38 40 45 40 37 28 1 0 0 0 0 0 0 0
第 25 条服务链：1 1
demand：140
NF：41
single COST: 0
14 32 38 40 41 40 39 34 19 0 0 0 0 0 0 0
第 26 条服务链：0 2
demand：100
NF：41
single COST: 4
16 33 38 37 40 41 40 39 34 20 0 0 0 0 0 0
第 27 条服务链：2 1
demand：150
NF：45
single COST: 0
17 33 38 40 45 40 37 39 35 24 0 0 0 0 0 0
第 28 条服务链：1 1
demand：160
NF：41
single COST: 0
18 33 38 40 41 40 39 36 26 0 0 0 0 0 0 0
第 29 条服务链：3 2
demand：100
NF：45
single COST: 6
19 34 39 40 45 40 37 29 6 0 0 0 0 0 0 0
第 30 条服务链：2 1
demand：200
NF：45
single COST: 0
21 34 39 40 45 40 38 37 30 8 0 0 0 0 0 0
第 31 条服务链：2 1
demand：170
NF：45
single COST: 0
21 34 39 40 45 40 37 39 35 22 0 0 0 0 0 0
第 32 条服务链：4 1
demand：100
NF：45
single COST: 0
23 35 39 40 45 40 38 32 13 0 0 0 0 0 0 0
第 33 条服务链：2 1
demand：150
NF：45
single COST: 0
25 36 39 37 40 45 40 38 33 17 0 0 0 0 0 0
第 34 条服务链：3 2
demand：70
NF：45
single COST: 6
26 36 39 40 45 40 37 29 5 0 0 0 0 0 0 0
第 35 条服务链：1 1
demand：100
NF：41
single COST: 0
27 36 39 40 41 40 39 37 30 9 0 0 0 0 0 0
第 36 条服务链：1 1
demand：130
NF：41
single COST: 0
1 28 37 40 41 40 38 31 10 0 0 0 0 0 0 0
第 37 条服务链：0 2
demand：100
NF：41
single COST: 4
12 31 38 40 41 40 37 39 38 31 11 0 0 0 0 0
第 38 条服务链：1 1
demand：90
NF：41
single COST: 0
23 35 39 40 41 40 38 32 13 0 0 0 0 0 0 0
第 39 条服务链：2 1
demand：130
NF：45
single COST: 0
4 29 37 38 40 45 40 38 32 14 0 0 0 0 0 0
第 40 条服务链：3 2
demand：100
NF：45
single COST: 6
15 32 38 40 45 40 39 34 20 0 0 0 0 0 0 0
第 41 条服务链：4 1
demand：100
NF：45
single COST: 0
27 36 39 40 45 40 39 38 33 17 0 0 0 0 0 0
第 42 条服务链：4 1
demand：50
NF：45
single COST: 0
9 30 37 38 40 45 40 37 38 33 18 0 0 0 0 0
第 43 条服务链：2 1
demand：100
NF：45
single COST: 0
10 31 38 40 45 40 39 34 19 0 0 0 0 0 0 0
第 44 条服务链：0 2
demand：100
NF：41
single COST: 4
12 31 38 40 41 40 38 39 34 21 0 0 0 0 0 0
第 45 条服务链：2 1
demand：80
NF：45
single COST: 0
14 32 38 37 39 40 45 40 37 39 34 19 0 0 0 0

运行时间: 1485 ms
node_used：
28 11 9 0 27
node_vnf_demand：
0 600 500 0 695 260 0 0 0 0 1290 1248
node_vnf_count：
0 2 5 0 3 3 0 0 0 0 5 13
128 + 52.6 + 0.5 + 12.4 = 193.5
0 0 0 0 0 0 0 0 0 0 0 0 0 0 0 0 0 0 0 0 0 0 0 0 0 0 0 1940 0 0 0 0 0 0 0 0 0 0 0 0 0 0 0 0 0
0 0 0 0 0 0 0 0 0 0 0 0 0 0 0 0 0 0 0 0 0 0 0 0 0 0 0 2250 0 0 0 0 0 0 0 0 0 0 0 0 0 0 0 0 0
0 0 0 0 0 0 0 0 0 0 0 0 0 0 0 0 0 0 0 0 0 0 0 0 0 0 0 2220 0 0 0 0 0 0 0 0 0 0 0 0 0 0 0 0 0
0 0 0 0 0 0 0 0 0 0 0 0 0 0 0 0 0 0 0 0 0 0 0 0 0 0 0 0 2190 0 0 0 0 0 0 0 0 0 0 0 0 0 0 0 0
0 0 0 0 0 0 0 0 0 0 0 0 0 0 0 0 0 0 0 0 0 0 0 0 0 0 0 0 2282 0 0 0 0 0 0 0 0 0 0 0 0 0 0 0 0
0 0 0 0 0 0 0 0 0 0 0 0 0 0 0 0 0 0 0 0 0 0 0 0 0 0 0 0 2400 0 0 0 0 0 0 0 0 0 0 0 0 0 0 0 0
0 0 0 0 0 0 0 0 0 0 0 0 0 0 0 0 0 0 0 0 0 0 0 0 0 0 0 0 0 2010 0 0 0 0 0 0 0 0 0 0 0 0 0 0 0
0 0 0 0 0 0 0 0 0 0 0 0 0 0 0 0 0 0 0 0 0 0 0 0 0 0 0 0 0 2500 0 0 0 0 0 0 0 0 0 0 0 0 0 0 0
0 0 0 0 0 0 0 0 0 0 0 0 0 0 0 0 0 0 0 0 0 0 0 0 0 0 0 0 0 2160 0 0 0 0 0 0 0 0 0 0 0 0 0 0 0
0 0 0 0 0 0 0 0 0 0 0 0 0 0 0 0 0 0 0 0 0 0 0 0 0 0 0 0 0 0 2280 0 0 0 0 0 0 0 0 0 0 0 0 0 0
0 0 0 0 0 0 0 0 0 0 0 0 0 0 0 0 0 0 0 0 0 0 0 0 0 0 0 0 0 0 2500 0 0 0 0 0 0 0 0 0 0 0 0 0 0
0 0 0 0 0 0 0 0 0 0 0 0 0 0 0 0 0 0 0 0 0 0 0 0 0 0 0 0 0 0 2040 0 0 0 0 0 0 0 0 0 0 0 0 0 0
0 0 0 0 0 0 0 0 0 0 0 0 0 0 0 0 0 0 0 0 0 0 0 0 0 0 0 0 0 0 0 2500 0 0 0 0 0 0 0 0 0 0 0 0 0
0 0 0 0 0 0 0 0 0 0 0 0 0 0 0 0 0 0 0 0 0 0 0 0 0 0 0 0 0 0 0 1970 0 0 0 0 0 0 0 0 0 0 0 0 0
0 0 0 0 0 0 0 0 0 0 0 0 0 0 0 0 0 0 0 0 0 0 0 0 0 0 0 0 0 0 0 2300 0 0 0 0 0 0 0 0 0 0 0 0 0
0 0 0 0 0 0 0 0 0 0 0 0 0 0 0 0 0 0 0 0 0 0 0 0 0 0 0 0 0 0 0 0 2150 0 0 0 0 0 0 0 0 0 0 0 0
0 0 0 0 0 0 0 0 0 0 0 0 0 0 0 0 0 0 0 0 0 0 0 0 0 0 0 0 0 0 0 0 2080 0 0 0 0 0 0 0 0 0 0 0 0
0 0 0 0 0 0 0 0 0 0 0 0 0 0 0 0 0 0 0 0 0 0 0 0 0 0 0 0 0 0 0 0 2070 0 0 0 0 0 0 0 0 0 0 0 0
0 0 0 0 0 0 0 0 0 0 0 0 0 0 0 0 0 0 0 0 0 0 0 0 0 0 0 0 0 0 0 0 0 2145 0 0 0 0 0 0 0 0 0 0 0
0 0 0 0 0 0 0 0 0 0 0 0 0 0 0 0 0 0 0 0 0 0 0 0 0 0 0 0 0 0 0 0 0 2500 0 0 0 0 0 0 0 0 0 0 0
0 0 0 0 0 0 0 0 0 0 0 0 0 0 0 0 0 0 0 0 0 0 0 0 0 0 0 0 0 0 0 0 0 1590 0 0 0 0 0 0 0 0 0 0 0
0 0 0 0 0 0 0 0 0 0 0 0 0 0 0 0 0 0 0 0 0 0 0 0 0 0 0 0 0 0 0 0 0 0 2500 0 0 0 0 0 0 0 0 0 0
0 0 0 0 0 0 0 0 0 0 0 0 0 0 0 0 0 0 0 0 0 0 0 0 0 0 0 0 0 0 0 0 0 0 1970 0 0 0 0 0 0 0 0 0 0
0 0 0 0 0 0 0 0 0 0 0 0 0 0 0 0 0 0 0 0 0 0 0 0 0 0 0 0 0 0 0 0 0 0 2390 0 0 0 0 0 0 0 0 0 0
0 0 0 0 0 0 0 0 0 0 0 0 0 0 0 0 0 0 0 0 0 0 0 0 0 0 0 0 0 0 0 0 0 0 0 2250 0 0 0 0 0 0 0 0 0
0 0 0 0 0 0 0 0 0 0 0 0 0 0 0 0 0 0 0 0 0 0 0 0 0 0 0 0 0 0 0 0 0 0 0 2240 0 0 0 0 0 0 0 0 0
0 0 0 0 0 0 0 0 0 0 0 0 0 0 0 0 0 0 0 0 0 0 0 0 0 0 0 0 0 0 0 0 0 0 0 2100 0 0 0 0 0 0 0 0 0
2388 2404 2500 0 0 0 0 0 0 0 0 0 0 0 0 0 0 0 0 0 0 0 0 0 0 0 0 0 0 0 0 0 0 0 0 0 1410 0 0 0 0 0 0 0 0
0 0 0 2500 2395 2346 0 0 0 0 0 0 0 0 0 0 0 0 0 0 0 0 0 0 0 0 0 0 0 0 0 0 0 0 0 0 1872 0 0 0 0 0 0 0 0
0 0 0 0 0 0 2420 2176 2410 0 0 0 0 0 0 0 0 0 0 0 0 0 0 0 0 0 0 0 0 0 0 0 0 0 0 0 920 0 0 0 0 1400 0 0 0
0 0 0 0 0 0 0 0 0 2185 2185 2500 0 0 0 0 0 0 0 0 0 0 0 0 0 0 0 0 0 0 0 0 0 0 0 0 0 1820 0 0 0 0 0 0 0
0 0 0 0 0 0 0 0 0 0 0 0 2117 2164 2382.4 0 0 0 0 0 0 0 0 0 0 0 0 0 0 0 0 0 0 0 0 0 0 1770 0 0 0 0 0 0 0
0 0 0 0 0 0 0 0 0 0 0 0 0 0 0 2500 2172 1918 0 0 0 0 0 0 0 0 0 0 0 0 0 0 0 0 0 0 0 802 0 0 0 0 1545 0 0
0 0 0 0 0 0 0 0 0 0 0 0 0 0 0 0 0 0 1874 2205 2333 0 0 0 0 0 0 0 0 0 0 0 0 0 0 0 0 0 1235 0 0 0 0 0 0
0 0 0 0 0 0 0 0 0 0 0 0 0 0 0 0 0 0 0 0 0 2364 2500 2184 0 0 0 0 0 0 0 0 0 0 0 0 0 0 1860 0 0 0 0 0 0
0 0 0 0 0 0 0 0 0 0 0 0 0 0 0 0 0 0 0 0 0 0 0 0 2353 2260 2500 0 0 0 0 0 0 0 0 0 0 0 1590 0 0 0 0 2500 0
0 0 0 0 0 0 0 0 0 0 0 0 0 0 0 0 0 0 0 0 0 0 0 0 0 0 0 2292 2241 986 0 0 0 0 0 0 0 1015 1440 960 0 0 0 0 0
0 0 0 0 0 0 0 0 0 0 0 0 0 0 0 0 0 0 0 0 0 0 0 0 0 0 0 0 0 0 1870 1663.4 875 0 0 0 1644 0 1958 322 0 0 0 0 0
0 0 0 0 0 0 0 0 0 0 0 0 0 0 0 0 0 0 0 0 0 0 0 0 0 0 0 0 0 0 0 0 0 1412 2048 2113 1570 2047 0 300 0 0 0 0 0
0 0 0 0 0 0 0 0 0 0 0 0 0 0 0 0 0 0 0 0 0 0 0 0 0 0 0 0 0 0 0 0 0 0 0 0 1518 878.4 1407 0 1620 0 0 0 2462
0 0 0 0 0 0 0 0 0 0 0 0 0 0 0 0 0 0 0 0 0 0 0 0 0 0 0 0 0 0 0 0 0 0 0 0 0 0 0 3209 0 0 0 0 0
0 0 0 0 0 0 0 0 0 0 0 0 0 0 0 0 0 0 0 0 0 0 0 0 0 0 0 0 0 1670 0 0 0 0 0 0 0 0 0 0 0 0 0 0 0
0 0 0 0 0 0 0 0 0 0 0 0 0 0 0 0 0 0 0 0 0 0 0 0 0 0 0 0 0 0 0 0 1762 0 0 0 0 0 0 0 0 0 0 0 0
0 0 0 0 0 0 0 0 0 0 0 0 0 0 0 0 0 0 0 0 0 0 0 0 0 0 0 0 0 0 0 0 0 0 0 2500 0 0 0 0 0 0 0 0 0
0 0 0 0 0 0 0 0 0 0 0 0 0 0 0 0 0 0 0 0 0 0 0 0 0 0 0 0 0 0 0 0 0 0 0 0 0 0 0 3094.4 0 0 0 0 0
13 100
14 900
20 3000
62 4500
11620

--------------------------------
Process exited after 1.971 seconds with return value 0
请按任意键继续. . .