20 3000
20 3000
20 3000
62 4500
13010
选择已分配的服务链：
1 4 8 10 13 16 19 21 23 28 33 36 39 43 node_used：
16 3 6 0 25
node_vnf_demand：
200 240 0 190 370 110 0 0 0 350 1390 700
node_vnf_count：
1 1 0 1 2 2 0 0 0 1 5 7
710.1

运行时间: 15 ms
188.7

运行时间: 31 ms
187.1
第 1 条服务链：1 1
demand：100
NF：43
single COST: 1.4
16 33 43 33 38 39 34 20 -1 0 0 0 0 0 0 0
第 2 条服务链：4 1
demand：200
NF：43
single COST: 1.4
17 33 43 33 38 39 35 24 -1 0 0 0 0 0 0 0
第 3 条服务链：0 2
demand：130
NF：44
single COST: 5.4
18 33 38 39 36 44 36 26 0 0 0 0 0 0 0 0
第 4 条服务链：3 2
demand：60
NF：44
single COST: 7.2
19 34 39 36 44 36 26 0 0 0 0 0 0 0 0 0
第 5 条服务链：2 1
demand：90
NF：43
single COST: 1.4
21 34 39 38 33 43 33 18 0 0 0 0 0 0 0 0
第 6 条服务链：2 1
demand：120
NF：42
single COST: 1.8
21 34 39 37 30 42 30 37 28 2 0 0 0 0 0 0
第 7 条服务链：0 2
demand：150
NF：41
single COST: 5.6
23 35 39 40 41 40 38 32 13 -1 0 0 0 0 0 0
第 8 条服务链：2 1
demand：50
NF：43
single COST: 1.4
5 29 37 38 33 43 33 17 0 0 0 0 0 0 0 0
第 9 条服务链：3 2
demand：80
NF：44
single COST: 7.4
26 36 44 36 39 37 29 5 -1 0 0 0 0 0 0 0
第 10 条服务链：1 1
demand：100
NF：41
single COST: 1.6
7 30 37 40 41 40 39 34 19 -1 0 0 0 0 0 0
第 11 条服务链：2 1
demand：130
NF：43
single COST: 1.4
21 34 39 38 33 43 33 18 0 0 0 0 0 0 0 0
第 12 条服务链：1 1
demand：140
NF：44
single COST: 1.6
21 34 39 36 44 36 39 35 22 0 0 0 0 0 0 0
第 13 条服务链：4 1
demand：100
NF：45
single COST: 1.6
3 28 37 40 45 40 38 32 13 -1 0 0 0 0 0 0
第 14 条服务链：2 1
demand：100
NF：44
single COST: 1.4
25 36 44 36 39 37 30 7 -1 0 0 0 0 0 0 0
第 15 条服务链：3 2
demand：110
NF：44
single COST: 7.2
26 36 44 36 39 36 25 0 0 0 0 0 0 0 0 0
第 16 条服务链：1 1
demand：200
NF：44
single COST: 1.2
27 36 44 36 39 34 19 0 0 0 0 0 0 0 0 0
第 17 条服务链：1 1
demand：80
NF：43
single COST: 1.2
18 33 43 33 38 31 10 0 0 0 0 0 0 0 0 0
第 18 条服务链：0 2
demand：100
NF：41
single COST: 5.6
12 31 38 40 41 40 39 34 21 -1 0 0 0 0 0 0
第 19 条服务链：1 1
demand：190
NF：41
single COST: 1.6
23 35 39 40 41 40 37 28 3 -1 0 0 0 0 0 0
第 20 条服务链：2 1
demand：110
NF：45
single COST: 1.8
24 35 39 37 40 45 40 38 32 14 -1 0 0 0 0 0
第 21 条服务链：3 2
demand：100
NF：44
single COST: 7.4
15 32 38 39 36 44 36 25 0 0 0 0 0 0 0 0
第 22 条服务链：0 2
demand：200
NF：43
single COST: 5.4
7 30 37 38 33 43 33 17 0 0 0 0 0 0 0 0
第 23 条服务链：2 1
demand：140
NF：43
single COST: 1.4
9 30 37 38 33 43 33 18 0 0 0 0 0 0 0 0
第 24 条服务链：2 1
demand：150
NF：44
single COST: 1.8
1 28 37 39 36 44 36 39 34 19 0 0 0 0 0 0
第 25 条服务链：3 2
demand：60
NF：45
single COST: 7.6
1 28 37 40 45 40 39 34 21 -1 0 0 0 0 0 0
第 26 条服务链：2 1
demand：70
NF：42
single COST: 1.4
14 32 38 37 30 42 30 8 0 0 0 0 0 0 0 0
第 27 条服务链：2 1
demand：160
NF：43
single COST: 1.2
14 32 38 33 43 33 18 0 0 0 0 0 0 0 0 0
第 28 条服务链：2 1
demand：100
NF：45
single COST: 1.6
6 29 37 40 45 40 39 34 19 -1 0 0 0 0 0 0
第 29 条服务链：3 2
demand：50
NF：45
single COST: 7.6
7 30 37 40 45 40 39 34 21 -1 0 0 0 0 0 0
第 30 条服务链：2 1
demand：75
NF：42
single COST: 1.4
19 34 39 37 30 42 30 8 0 0 0 0 0 0 0 0

第 1 条服务链：1 1
demand：120
NF：41
single COST: 0
1 28 37 38 40 41 40 39 38 31 10 0 0 0 0 0
第 2 条服务链：0 2
demand：150
NF：41
single COST: 4
2 28 37 39 40 41 40 38 31 11 -1 0 0 0 0 0
第 3 条服务链：1 1
demand：100
NF：41
single COST: 0
3 28 37 40 41 40 38 32 13 0 0 0 0 0 0 0
第 4 条服务链：2 1
demand：70
NF：45
single COST: 0
4 29 37 38 39 40 45 40 38 32 14 0 0 0 0 0
第 5 条服务链：3 2
demand：68
NF：45
single COST: 6
5 29 37 38 40 45 40 38 32 15 -1 0 0 0 0 0
第 6 条服务链：4 1
demand：50
NF：45
single COST: 0
7 30 37 40 45 40 38 33 17 0 0 0 0 0 0 0
第 7 条服务链：4 1
demand：20
NF：45
single COST: 0
9 30 37 38 40 45 40 38 33 18 0 0 0 0 0 0
第 8 条服务链：4 1
demand：20
NF：45
single COST: 0
10 31 38 37 40 45 40 37 39 34 19 0 0 0 0 0
第 9 条服务链：3 2
demand：60
NF：45
single COST: 6
12 31 38 40 45 40 37 28 1 -1 0 0 0 0 0 0
第 10 条服务链：1 1
demand：80
NF：41
single COST: 0
14 32 38 37 40 41 40 37 39 34 19 0 0 0 0 0
第 11 条服务链：0 2
demand：150
NF：41
single COST: 4
16 33 38 40 41 40 39 34 20 -1 0 0 0 0 0 0
第 12 条服务链：2 1
demand：70
NF：45
single COST: 0
17 33 38 40 45 40 39 35 24 0 0 0 0 0 0 0
第 13 条服务链：1 1
demand：60
NF：41
single COST: 0
18 33 38 40 41 40 39 36 26 0 0 0 0 0 0 0
第 14 条服务链：3 2
demand：120
NF：45
single COST: 6
19 34 39 40 45 40 37 29 6 -1 0 0 0 0 0 0
第 15 条服务链：2 1
demand：60
NF：45
single COST: 0
21 34 39 40 45 40 37 30 8 0 0 0 0 0 0 0
第 16 条服务链：1 1
demand：100
NF：41
single COST: 0
1 28 37 40 41 40 38 31 10 0 0 0 0 0 0 0
第 17 条服务链：0 2
demand：100
NF：41
single COST: 4
2 28 37 40 41 40 38 31 11 -1 0 0 0 0 0 0
第 18 条服务链：1 1
demand：80
NF：41
single COST: 0
3 28 37 40 41 40 38 32 13 0 0 0 0 0 0 0
第 19 条服务链：2 1
demand：110
NF：45
single COST: 0
4 29 37 39 40 45 40 37 38 32 14 0 0 0 0 0
第 20 条服务链：3 2
demand：100
NF：45
single COST: 6.4
5 29 37 39 40 45 40 38 32 15 -1 0 0 0 0 0
第 21 条服务链：4 1
demand：90
NF：45
single COST: 0
7 30 37 38 40 45 40 38 33 17 0 0 0 0 0 0
第 22 条服务链：0 2
demand：130
NF：41
single COST: 4
9 30 37 40 41 40 38 33 18 -1 0 0 0 0 0 0
第 23 条服务链：4 1
demand：100
NF：45
single COST: 0
10 31 38 37 40 45 40 39 34 19 0 0 0 0 0 0
第 24 条服务链：3 2
demand：100
NF：45
single COST: 6
12 31 38 40 45 40 37 28 1 -1 0 0 0 0 0 0
第 25 条服务链：1 1
demand：140
NF：41
single COST: 0
14 32 38 40 41 40 39 34 19 0 0 0 0 0 0 0
第 26 条服务链：0 2
demand：100
NF：41
single COST: 4
16 33 38 37 40 41 40 39 34 20 0 0 0 0 0 0
第 27 条服务链：2 1
demand：150
NF：45
single COST: 0
17 33 38 40 45 40 37 39 35 24 0 0 0 0 0 0
第 28 条服务链：1 1
demand：160
NF：41
single COST: 0
18 33 38 40 41 40 39 36 26 0 0 0 0 0 0 0
第 29 条服务链：3 2
demand：100
NF：45
single COST: 6.4
19 34 39 40 45 40 39 37 29 6 0 0 0 0 0 0
第 30 条服务链：2 1
demand：200
NF：45
single COST: 0
21 34 39 40 45 40 38 37 30 8 0 0 0 0 0 0
第 31 条服务链：2 1
demand：170
NF：45
single COST: 0
21 34 39 40 45 40 37 39 35 22 0 0 0 0 0 0
第 32 条服务链：4 1
demand：100
NF：45
single COST: 0
23 35 39 40 45 40 38 32 13 0 0 0 0 0 0 0
第 33 条服务链：2 1
demand：150
NF：45
single COST: 0
25 36 39 37 40 45 40 38 33 17 0 0 0 0 0 0
第 34 条服务链：3 2
demand：70
NF：45
single COST: 6
26 36 39 40 45 40 37 29 5 -1 0 0 0 0 0 0
第 35 条服务链：1 1
demand：100
NF：41
single COST: 0
27 36 39 40 41 40 39 37 30 9 0 0 0 0 0 0
第 36 条服务链：1 1
demand：130
NF：41
single COST: 0
1 28 37 40 41 40 38 31 10 0 0 0 0 0 0 0
第 37 条服务链：0 2
demand：100
NF：41
single COST: 4
12 31 38 40 41 40 38 31 11 -1 0 0 0 0 0 0
第 38 条服务链：1 1
demand：90
NF：41
single COST: 0
23 35 39 40 41 40 38 32 13 0 0 0 0 0 0 0
第 39 条服务链：2 1
demand：130
NF：45
single COST: 0
4 29 37 38 40 45 40 38 32 14 0 0 0 0 0 0
第 40 条服务链：3 2
demand：100
NF：45
single COST: 6
15 32 38 40 45 40 39 34 20 -1 0 0 0 0 0 0
第 41 条服务链：4 1
demand：100
NF：45
single COST: 0
27 36 39 40 45 40 39 38 33 17 0 0 0 0 0 0
第 42 条服务链：4 1
demand：50
NF：45
single COST: 0
9 30 37 38 40 45 40 37 38 33 18 0 0 0 0 0
第 43 条服务链：2 1
demand：100
NF：45
single COST: 0
10 31 38 40 45 40 39 34 19 0 0 0 0 0 0 0
第 44 条服务链：0 2
demand：100
NF：41
single COST: 4
12 31 38 40 41 40 38 39 34 21 0 0 0 0 0 0
第 45 条服务链：2 1
demand：80
NF：45
single COST: 0
14 32 38 37 39 40 45 40 37 39 34 19 0 0 0 0

运行时间: 1078 ms
node_used：
22 3 9 9 32
node_vnf_demand：
0 265 0 380 570 200 470 250 350 0 1500 1458
node_vnf_count：
0 1 0 1 2 2 1 1 4 0 5 15
128 + 44.8 + 0.7 + 12.8 = 186.3
0 0 0 0 0 0 0 0 0 0 0 0 0 0 0 0 0 0 0 0 0 0 0 0 0 0 0 1940 0 0 0 0 0 0 0 0 0 0 0 0 0 0 0 0 0
0 0 0 0 0 0 0 0 0 0 0 0 0 0 0 0 0 0 0 0 0 0 0 0 0 0 0 2250 0 0 0 0 0 0 0 0 0 0 0 0 0 0 0 0 0
0 0 0 0 0 0 0 0 0 0 0 0 0 0 0 0 0 0 0 0 0 0 0 0 0 0 0 2220 0 0 0 0 0 0 0 0 0 0 0 0 0 0 0 0 0
0 0 0 0 0 0 0 0 0 0 0 0 0 0 0 0 0 0 0 0 0 0 0 0 0 0 0 0 2190 0 0 0 0 0 0 0 0 0 0 0 0 0 0 0 0
0 0 0 0 0 0 0 0 0 0 0 0 0 0 0 0 0 0 0 0 0 0 0 0 0 0 0 0 2282 0 0 0 0 0 0 0 0 0 0 0 0 0 0 0 0
0 0 0 0 0 0 0 0 0 0 0 0 0 0 0 0 0 0 0 0 0 0 0 0 0 0 0 0 2400 0 0 0 0 0 0 0 0 0 0 0 0 0 0 0 0
0 0 0 0 0 0 0 0 0 0 0 0 0 0 0 0 0 0 0 0 0 0 0 0 0 0 0 0 0 2010 0 0 0 0 0 0 0 0 0 0 0 0 0 0 0
0 0 0 0 0 0 0 0 0 0 0 0 0 0 0 0 0 0 0 0 0 0 0 0 0 0 0 0 0 2500 0 0 0 0 0 0 0 0 0 0 0 0 0 0 0
0 0 0 0 0 0 0 0 0 0 0 0 0 0 0 0 0 0 0 0 0 0 0 0 0 0 0 0 0 2160 0 0 0 0 0 0 0 0 0 0 0 0 0 0 0
0 0 0 0 0 0 0 0 0 0 0 0 0 0 0 0 0 0 0 0 0 0 0 0 0 0 0 0 0 0 2280 0 0 0 0 0 0 0 0 0 0 0 0 0 0
0 0 0 0 0 0 0 0 0 0 0 0 0 0 0 0 0 0 0 0 0 0 0 0 0 0 0 0 0 0 2500 0 0 0 0 0 0 0 0 0 0 0 0 0 0
0 0 0 0 0 0 0 0 0 0 0 0 0 0 0 0 0 0 0 0 0 0 0 0 0 0 0 0 0 0 2040 0 0 0 0 0 0 0 0 0 0 0 0 0 0
0 0 0 0 0 0 0 0 0 0 0 0 0 0 0 0 0 0 0 0 0 0 0 0 0 0 0 0 0 0 0 2500 0 0 0 0 0 0 0 0 0 0 0 0 0
0 0 0 0 0 0 0 0 0 0 0 0 0 0 0 0 0 0 0 0 0 0 0 0 0 0 0 0 0 0 0 1970 0 0 0 0 0 0 0 0 0 0 0 0 0
0 0 0 0 0 0 0 0 0 0 0 0 0 0 0 0 0 0 0 0 0 0 0 0 0 0 0 0 0 0 0 2300 0 0 0 0 0 0 0 0 0 0 0 0 0
0 0 0 0 0 0 0 0 0 0 0 0 0 0 0 0 0 0 0 0 0 0 0 0 0 0 0 0 0 0 0 0 2150 0 0 0 0 0 0 0 0 0 0 0 0
0 0 0 0 0 0 0 0 0 0 0 0 0 0 0 0 0 0 0 0 0 0 0 0 0 0 0 0 0 0 0 0 2080 0 0 0 0 0 0 0 0 0 0 0 0
0 0 0 0 0 0 0 0 0 0 0 0 0 0 0 0 0 0 0 0 0 0 0 0 0 0 0 0 0 0 0 0 2070 0 0 0 0 0 0 0 0 0 0 0 0
0 0 0 0 0 0 0 0 0 0 0 0 0 0 0 0 0 0 0 0 0 0 0 0 0 0 0 0 0 0 0 0 0 2145 0 0 0 0 0 0 0 0 0 0 0
0 0 0 0 0 0 0 0 0 0 0 0 0 0 0 0 0 0 0 0 0 0 0 0 0 0 0 0 0 0 0 0 0 2500 0 0 0 0 0 0 0 0 0 0 0
0 0 0 0 0 0 0 0 0 0 0 0 0 0 0 0 0 0 0 0 0 0 0 0 0 0 0 0 0 0 0 0 0 1590 0 0 0 0 0 0 0 0 0 0 0
0 0 0 0 0 0 0 0 0 0 0 0 0 0 0 0 0 0 0 0 0 0 0 0 0 0 0 0 0 0 0 0 0 0 2500 0 0 0 0 0 0 0 0 0 0
0 0 0 0 0 0 0 0 0 0 0 0 0 0 0 0 0 0 0 0 0 0 0 0 0 0 0 0 0 0 0 0 0 0 1970 0 0 0 0 0 0 0 0 0 0
0 0 0 0 0 0 0 0 0 0 0 0 0 0 0 0 0 0 0 0 0 0 0 0 0 0 0 0 0 0 0 0 0 0 2390 0 0 0 0 0 0 0 0 0 0
0 0 0 0 0 0 0 0 0 0 0 0 0 0 0 0 0 0 0 0 0 0 0 0 0 0 0 0 0 0 0 0 0 0 0 2250 0 0 0 0 0 0 0 0 0
0 0 0 0 0 0 0 0 0 0 0 0 0 0 0 0 0 0 0 0 0 0 0 0 0 0 0 0 0 0 0 0 0 0 0 2240 0 0 0 0 0 0 0 0 0
0 0 0 0 0 0 0 0 0 0 0 0 0 0 0 0 0 0 0 0 0 0 0 0 0 0 0 0 0 0 0 0 0 0 0 2100 0 0 0 0 0 0 0 0 0
2388 2404 2329 0 0 0 0 0 0 0 0 0 0 0 0 0 0 0 0 0 0 0 0 0 0 0 0 0 0 0 0 0 0 0 0 0 1410 0 0 0 0 0 0 0 0
0 0 0 2500 2395 2346 0 0 0 0 0 0 0 0 0 0 0 0 0 0 0 0 0 0 0 0 0 0 0 0 0 0 0 0 0 0 1872 0 0 0 0 0 0 0 0
0 0 0 0 0 0 2420 2176 2410 0 0 0 0 0 0 0 0 0 0 0 0 0 0 0 0 0 0 0 0 0 0 0 0 0 0 0 1574 0 0 0 0 2235 0 0 0
0 0 0 0 0 0 0 0 0 2113 2185 2500 0 0 0 0 0 0 0 0 0 0 0 0 0 0 0 0 0 0 0 0 0 0 0 0 0 1820 0 0 0 0 0 0 0
0 0 0 0 0 0 0 0 0 0 0 0 1982 2164 2382.4 0 0 0 0 0 0 0 0 0 0 0 0 0 0 0 0 0 0 0 0 0 0 1770 0 0 0 0 0 0 0
0 0 0 0 0 0 0 0 0 0 0 0 0 0 0 2500 1992 1918 0 0 0 0 0 0 0 0 0 0 0 0 0 0 0 0 0 0 0 1378 0 0 0 0 1350 0 0
0 0 0 0 0 0 0 0 0 0 0 0 0 0 0 0 0 0 1604 2115 2243 0 0 0 0 0 0 0 0 0 0 0 0 0 0 0 0 0 1235 0 0 0 0 0 0
0 0 0 0 0 0 0 0 0 0 0 0 0 0 0 0 0 0 0 0 0 2238 2500 2184 0 0 0 0 0 0 0 0 0 0 0 0 0 0 1860 0 0 0 0 0 0
0 0 0 0 0 0 0 0 0 0 0 0 0 0 0 0 0 0 0 0 0 0 0 0 2353 2143 2500 0 0 0 0 0 0 0 0 0 0 0 1441 0 0 0 0 1430 0
0 0 0 0 0 0 0 0 0 0 0 0 0 0 0 0 0 0 0 0 0 0 0 0 0 0 0 2121 2241 1857 0 0 0 0 0 0 0 1439 1504 840 0 0 0 0 0
0 0 0 0 0 0 0 0 0 0 0 0 0 0 0 0 0 0 0 0 0 0 0 0 0 0 0 0 0 0 1798 1528.4 1276 0 0 0 1890 0 1880 632 0 0 0 0 0
0 0 0 0 0 0 0 0 0 0 0 0 0 0 0 0 0 0 0 0 0 0 0 0 0 0 0 0 0 0 0 0 0 962 1922 1645 1749 2102 0 540 0 0 0 0 0
0 0 0 0 0 0 0 0 0 0 0 0 0 0 0 0 0 0 0 0 0 0 0 0 0 0 0 0 0 0 0 0 0 0 0 0 1507 495.4 1000 0 2470 0 0 0 2042
0 0 0 0 0 0 0 0 0 0 0 0 0 0 0 0 0 0 0 0 0 0 0 0 0 0 0 0 0 0 0 0 0 0 0 0 0 0 0 2723 0 0 0 0 0
0 0 0 0 0 0 0 0 0 0 0 0 0 0 0 0 0 0 0 0 0 0 0 0 0 0 0 0 0 2288 0 0 0 0 0 0 0 0 0 0 0 0 0 0 0
0 0 0 0 0 0 0 0 0 0 0 0 0 0 0 0 0 0 0 0 0 0 0 0 0 0 0 0 0 0 0 0 1562 0 0 0 0 0 0 0 0 0 0 0 0
0 0 0 0 0 0 0 0 0 0 0 0 0 0 0 0 0 0 0 0 0 0 0 0 0 0 0 0 0 0 0 0 0 0 0 1632 0 0 0 0 0 0 0 0 0
0 0 0 0 0 0 0 0 0 0 0 0 0 0 0 0 0 0 0 0 0 0 0 0 0 0 0 0 0 0 0 0 0 0 0 0 0 0 0 2779.4 0 0 0 0 0
19 2800
15 1500
14 700
60 3500
12470

--------------------------------
Process exited after 1.631 seconds with return value 0
请按任意键继续. . .