20 3000
20 3000
20 3000
70 7900
14005
node_used：
18 0 0 0 27
node_vnf_demand：
0 0 0 0 0 0 0 0 0 0 645 624
node_vnf_count：
0 0 0 0 0 0 0 0 0 0 3 7
第1条服务链：1 0 1
路径分配成功！
第2条服务链：4 0 1
节点能用
路径分配成功！
第3条服务链：0 0 2
路径分配成功！
第4条服务链：3 0 2
节点能用
路径分配成功！
第5条服务链：2 0 1
节点能用
路径分配成功！
第6条服务链：2 0 1
节点能用
路径分配成功！
第7条服务链：0 0 2
路径分配成功！
第8条服务链：2 0 1
节点能用
路径分配成功！
第9条服务链：3 0 2
节点能用
路径分配成功！
第10条服务链：1 0 1
路径分配成功！
第11条服务链：2 0 1
节点能用
路径分配成功！
第12条服务链：1 0 1
路径分配成功！
第13条服务链：4 0 1
节点能用
路径分配成功！
第14条服务链：2 0 1
节点能用
路径分配成功！
第15条服务链：3 0 2
节点能用
路径分配成功！
第16条服务链：1 0 1
路径分配成功！
第17条服务链：1 0 1
路径分配成功！
第18条服务链：0 0 2
路径分配成功！
第19条服务链：1 0 1
路径分配成功！
第20条服务链：2 0 1
节点能用
路径分配成功！
第21条服务链：3 0 2
节点能用
路径分配成功！
第22条服务链：0 0 2
路径分配成功！
第23条服务链：2 0 1
节点能用
路径分配成功！
第24条服务链：2 0 1
节点能用
路径分配成功！
第25条服务链：3 0 2
节点能用
路径分配成功！
第26条服务链：2 0 1
节点能用
路径分配成功！
第27条服务链：2 0 1
节点能用
路径分配成功！
第28条服务链：2 0 1
节点能用
路径分配成功！
第29条服务链：3 0 2
节点能用
路径分配成功！
第30条服务链：2 0 1
节点能用
路径分配成功！
186.7
第 1 条服务链：1 1
demand：50
NF：41
single COST: 1.6
16 33 38 40 41 40 39 34 20 -1 0 0 0 0 0 0
第 2 条服务链：4 1
demand：100
NF：42
single COST: 2
17 33 38 37 30 42 30 37 39 35 24 -1 0 0 0 0
第 3 条服务链：0 2
demand：65
NF：41
single COST: 5.6
18 33 38 40 41 40 39 36 26 -1 0 0 0 0 0 0
第 4 条服务链：3 2
demand：30
NF：42
single COST: 8
19 34 39 37 30 42 30 37 39 36 26 -1 0 0 0 0
第 5 条服务链：2 1
demand：45
NF：42
single COST: 2
21 34 39 37 30 42 30 37 38 33 18 -1 0 0 0 0
第 6 条服务链：2 1
demand：60
NF：42
single COST: 1.8
21 34 39 37 30 42 30 37 28 2 0 0 0 0 0 0
第 7 条服务链：0 2
demand：75
NF：41
single COST: 5.6
23 35 39 40 41 40 38 32 13 -1 0 0 0 0 0 0
第 8 条服务链：2 1
demand：25
NF：42
single COST: 1.8
5 29 37 30 42 30 37 38 33 17 -1 0 0 0 0 0
第 9 条服务链：3 2
demand：40
NF：42
single COST: 7.8
26 36 39 37 30 42 30 37 29 5 0 0 0 0 0 0
第 10 条服务链：1 1
demand：50
NF：41
single COST: 1.6
7 30 37 40 41 40 39 34 19 -1 0 0 0 0 0 0
第 11 条服务链：2 1
demand：65
NF：42
single COST: 2
21 34 39 37 30 42 30 37 38 33 18 -1 0 0 0 0
第 12 条服务链：1 1
demand：70
NF：41
single COST: 1.6
21 34 39 40 41 40 39 35 22 -1 0 0 0 0 0 0
第 13 条服务链：4 1
demand：50
NF：42
single COST: 1.8
3 28 37 30 42 30 37 38 32 13 -1 0 0 0 0 0
第 14 条服务链：2 1
demand：50
NF：42
single COST: 1.4
25 36 39 37 30 42 30 7 0 0 0 0 0 0 0 0
第 15 条服务链：3 2
demand：55
NF：42
single COST: 8
26 36 39 37 30 42 30 37 39 36 25 -1 0 0 0 0
第 16 条服务链：1 1
demand：100
NF：41
single COST: 1.6
27 36 39 40 41 40 39 34 19 -1 0 0 0 0 0 0
第 17 条服务链：1 1
demand：40
NF：41
single COST: 1.6
18 33 38 40 41 40 38 31 10 -1 0 0 0 0 0 0
第 18 条服务链：0 2
demand：50
NF：41
single COST: 5.6
12 31 38 40 41 40 39 34 21 -1 0 0 0 0 0 0
第 19 条服务链：1 1
demand：95
NF：41
single COST: 1.6
23 35 39 40 41 40 37 28 3 -1 0 0 0 0 0 0
第 20 条服务链：2 1
demand：55
NF：42
single COST: 2
24 35 39 37 30 42 30 37 38 32 14 -1 0 0 0 0
第 21 条服务链：3 2
demand：50
NF：42
single COST: 8
15 32 38 37 30 42 30 37 39 36 25 -1 0 0 0 0
第 22 条服务链：0 2
demand：100
NF：41
single COST: 5.6
7 30 37 40 41 40 38 33 17 -1 0 0 0 0 0 0
第 23 条服务链：2 1
demand：70
NF：42
single COST: 1.4
9 30 42 30 37 38 33 18 -1 0 0 0 0 0 0 0
第 24 条服务链：2 1
demand：75
NF：42
single COST: 1.8
1 28 37 30 42 30 37 39 34 19 -1 0 0 0 0 0
第 25 条服务链：3 2
demand：30
NF：42
single COST: 7.8
1 28 37 30 42 30 37 39 34 21 -1 0 0 0 0 0
第 26 条服务链：2 1
demand：35
NF：42
single COST: 1.4
14 32 38 37 30 42 30 8 0 0 0 0 0 0 0 0
第 27 条服务链：2 1
demand：80
NF：42
single COST: 2
14 32 38 37 30 42 30 37 38 33 18 -1 0 0 0 0
第 28 条服务链：2 1
demand：50
NF：42
single COST: 1.8
6 29 37 30 42 30 37 39 34 19 -1 0 0 0 0 0
第 29 条服务链：3 2
demand：25
NF：42
single COST: 7.4
7 30 42 30 37 39 34 21 -1 0 0 0 0 0 0 0
第 30 条服务链：2 1
demand：37.5
NF：42
single COST: 1.4
19 34 39 37 30 42 30 8 0 0 0 0 0 0 0 0

第 1 条服务链：1 1
demand：60
NF：41
single COST: 0
1 28 37 38 40 41 40 37 38 31 10 0 0 0 0 0
第 2 条服务链：0 2
demand：75
NF：41
single COST: 4
2 28 37 40 41 40 38 31 11 0 0 0 0 0 0 0
第 3 条服务链：1 1
demand：50
NF：41
single COST: 0
3 28 37 40 41 40 38 32 13 0 0 0 0 0 0 0
第 4 条服务链：2 1
demand：35
NF：45
single COST: 0
4 29 37 40 45 40 38 32 14 0 0 0 0 0 0 0
第 5 条服务链：3 2
demand：34
NF：45
single COST: 6
5 29 37 40 45 40 37 38 32 15 0 0 0 0 0 0
第 6 条服务链：4 1
demand：25
NF：45
single COST: 0
7 30 37 40 45 40 37 38 33 17 0 0 0 0 0 0
第 7 条服务链：4 1
demand：10
NF：45
single COST: 0
9 30 37 40 45 40 38 33 18 0 0 0 0 0 0 0
第 8 条服务链：4 1
demand：10
NF：45
single COST: 0
10 31 38 40 45 40 39 34 19 0 0 0 0 0 0 0
第 9 条服务链：3 2
demand：30
NF：45
single COST: 6
12 31 38 40 45 40 37 28 1 0 0 0 0 0 0 0
第 10 条服务链：1 1
demand：40
NF：41
single COST: 0
14 32 38 37 40 41 40 39 34 19 0 0 0 0 0 0
第 11 条服务链：0 2
demand：75
NF：41
single COST: 4
16 33 38 37 40 41 40 38 39 34 20 0 0 0 0 0
第 12 条服务链：2 1
demand：35
NF：45
single COST: 0
17 33 38 40 45 40 37 39 35 24 0 0 0 0 0 0
第 13 条服务链：1 1
demand：30
NF：41
single COST: 0
18 33 38 40 41 40 38 39 36 26 0 0 0 0 0 0
第 14 条服务链：3 2
demand：60
NF：45
single COST: 6
19 34 39 38 37 40 45 40 37 29 6 0 0 0 0 0
第 15 条服务链：2 1
demand：30
NF：45
single COST: 0
21 34 39 40 45 40 38 37 30 8 0 0 0 0 0 0
第 16 条服务链：1 1
demand：50
NF：41
single COST: 0
1 28 37 40 41 40 38 31 10 0 0 0 0 0 0 0
第 17 条服务链：0 2
demand：50
NF：41
single COST: 4
2 28 37 40 41 40 38 31 11 0 0 0 0 0 0 0
第 18 条服务链：1 1
demand：40
NF：41
single COST: 0
3 28 37 39 40 41 40 38 32 13 0 0 0 0 0 0
第 19 条服务链：2 1
demand：55
NF：45
single COST: 0
4 29 37 38 40 45 40 37 38 32 14 0 0 0 0 0
第 20 条服务链：3 2
demand：50
NF：45
single COST: 6
5 29 37 39 38 40 45 40 38 32 15 0 0 0 0 0
第 21 条服务链：4 1
demand：45
NF：45
single COST: 0
7 30 37 39 40 45 40 38 33 17 0 0 0 0 0 0
第 22 条服务链：0 2
demand：65
NF：41
single COST: 4
9 30 37 40 41 40 38 33 18 0 0 0 0 0 0 0
第 23 条服务链：4 1
demand：50
NF：45
single COST: 0
10 31 38 40 45 40 39 34 19 0 0 0 0 0 0 0
第 24 条服务链：3 2
demand：50
NF：45
single COST: 6
12 31 38 40 45 40 37 28 1 0 0 0 0 0 0 0
第 25 条服务链：1 1
demand：70
NF：41
single COST: 0
14 32 38 37 40 41 40 37 39 34 19 0 0 0 0 0
第 26 条服务链：0 2
demand：50
NF：41
single COST: 4
16 33 38 40 41 40 39 34 20 0 0 0 0 0 0 0
第 27 条服务链：2 1
demand：75
NF：45
single COST: 0
17 33 38 40 45 40 37 39 35 24 0 0 0 0 0 0
第 28 条服务链：1 1
demand：80
NF：41
single COST: 0
18 33 38 40 41 40 39 36 26 0 0 0 0 0 0 0
第 29 条服务链：3 2
demand：50
NF：45
single COST: 6
19 34 39 38 40 45 40 39 37 29 6 0 0 0 0 0
第 30 条服务链：2 1
demand：100
NF：45
single COST: 0
21 34 39 37 40 45 40 37 30 8 0 0 0 0 0 0
第 31 条服务链：2 1
demand：85
NF：45
single COST: 0
21 34 39 40 45 40 39 35 22 0 0 0 0 0 0 0
第 32 条服务链：4 1
demand：50
NF：45
single COST: 0
23 35 39 40 45 40 38 32 13 0 0 0 0 0 0 0
第 33 条服务链：2 1
demand：75
NF：45
single COST: 0
25 36 39 40 45 40 38 33 17 0 0 0 0 0 0 0
第 34 条服务链：3 2
demand：35
NF：45
single COST: 6
26 36 39 37 40 45 40 37 29 5 0 0 0 0 0 0
第 35 条服务链：1 1
demand：50
NF：41
single COST: 0
27 36 39 38 40 41 40 38 37 30 9 0 0 0 0 0
第 36 条服务链：1 1
demand：65
NF：41
single COST: 0
1 28 37 38 39 40 41 40 38 31 10 0 0 0 0 0
第 37 条服务链：0 2
demand：50
NF：41
single COST: 4
12 31 38 40 41 40 38 31 11 0 0 0 0 0 0 0
第 38 条服务链：1 1
demand：45
NF：41
single COST: 0
23 35 39 40 41 40 38 32 13 0 0 0 0 0 0 0
第 39 条服务链：2 1
demand：65
NF：45
single COST: 0
4 29 37 38 39 40 45 40 39 38 32 14 0 0 0 0
第 40 条服务链：3 2
demand：50
NF：45
single COST: 6
15 32 38 37 40 45 40 38 39 34 20 0 0 0 0 0
第 41 条服务链：4 1
demand：50
NF：45
single COST: 0
27 36 39 38 40 45 40 38 33 17 0 0 0 0 0 0
第 42 条服务链：4 1
demand：25
NF：45
single COST: 0
9 30 37 40 45 40 37 38 33 18 0 0 0 0 0 0
第 43 条服务链：2 1
demand：50
NF：45
single COST: 0
10 31 38 40 45 40 39 34 19 0 0 0 0 0 0 0
第 44 条服务链：0 2
demand：50
NF：41
single COST: 4
12 31 38 40 41 40 39 34 21 0 0 0 0 0 0 0
第 45 条服务链：2 1
demand：40
NF：45
single COST: 0
14 32 38 37 40 45 40 39 34 19 0 0 0 0 0 0

运行时间: 1563 ms
node_used：
28 20 0 0 27
node_vnf_demand：
0 647.5 380 0 0 0 0 0 0 0 645 624
node_vnf_count：
0 3 4 0 0 0 0 0 0 0 3 7
128 + 51.6 + 0.3 + 6.8 = 186.7
0 0 0 0 0 0 0 0 0 0 0 0 0 0 0 0 0 0 0 0 0 0 0 0 0 0 0 2220 0 0 0 0 0 0 0 0 0 0 0 0 0 0 0 0 0
0 0 0 0 0 0 0 0 0 0 0 0 0 0 0 0 0 0 0 0 0 0 0 0 0 0 0 2375 0 0 0 0 0 0 0 0 0 0 0 0 0 0 0 0 0
0 0 0 0 0 0 0 0 0 0 0 0 0 0 0 0 0 0 0 0 0 0 0 0 0 0 0 2360 0 0 0 0 0 0 0 0 0 0 0 0 0 0 0 0 0
0 0 0 0 0 0 0 0 0 0 0 0 0 0 0 0 0 0 0 0 0 0 0 0 0 0 0 0 2345 0 0 0 0 0 0 0 0 0 0 0 0 0 0 0 0
0 0 0 0 0 0 0 0 0 0 0 0 0 0 0 0 0 0 0 0 0 0 0 0 0 0 0 0 2391 0 0 0 0 0 0 0 0 0 0 0 0 0 0 0 0
0 0 0 0 0 0 0 0 0 0 0 0 0 0 0 0 0 0 0 0 0 0 0 0 0 0 0 0 2450 0 0 0 0 0 0 0 0 0 0 0 0 0 0 0 0
0 0 0 0 0 0 0 0 0 0 0 0 0 0 0 0 0 0 0 0 0 0 0 0 0 0 0 0 0 2255 0 0 0 0 0 0 0 0 0 0 0 0 0 0 0
0 0 0 0 0 0 0 0 0 0 0 0 0 0 0 0 0 0 0 0 0 0 0 0 0 0 0 0 0 2500 0 0 0 0 0 0 0 0 0 0 0 0 0 0 0
0 0 0 0 0 0 0 0 0 0 0 0 0 0 0 0 0 0 0 0 0 0 0 0 0 0 0 0 0 2330 0 0 0 0 0 0 0 0 0 0 0 0 0 0 0
0 0 0 0 0 0 0 0 0 0 0 0 0 0 0 0 0 0 0 0 0 0 0 0 0 0 0 0 0 0 2390 0 0 0 0 0 0 0 0 0 0 0 0 0 0
0 0 0 0 0 0 0 0 0 0 0 0 0 0 0 0 0 0 0 0 0 0 0 0 0 0 0 0 0 0 2500 0 0 0 0 0 0 0 0 0 0 0 0 0 0
0 0 0 0 0 0 0 0 0 0 0 0 0 0 0 0 0 0 0 0 0 0 0 0 0 0 0 0 0 0 2270 0 0 0 0 0 0 0 0 0 0 0 0 0 0
0 0 0 0 0 0 0 0 0 0 0 0 0 0 0 0 0 0 0 0 0 0 0 0 0 0 0 0 0 0 0 2500 0 0 0 0 0 0 0 0 0 0 0 0 0
0 0 0 0 0 0 0 0 0 0 0 0 0 0 0 0 0 0 0 0 0 0 0 0 0 0 0 0 0 0 0 2235 0 0 0 0 0 0 0 0 0 0 0 0 0
0 0 0 0 0 0 0 0 0 0 0 0 0 0 0 0 0 0 0 0 0 0 0 0 0 0 0 0 0 0 0 2400 0 0 0 0 0 0 0 0 0 0 0 0 0
0 0 0 0 0 0 0 0 0 0 0 0 0 0 0 0 0 0 0 0 0 0 0 0 0 0 0 0 0 0 0 0 2325 0 0 0 0 0 0 0 0 0 0 0 0
0 0 0 0 0 0 0 0 0 0 0 0 0 0 0 0 0 0 0 0 0 0 0 0 0 0 0 0 0 0 0 0 2290 0 0 0 0 0 0 0 0 0 0 0 0
0 0 0 0 0 0 0 0 0 0 0 0 0 0 0 0 0 0 0 0 0 0 0 0 0 0 0 0 0 0 0 0 2285 0 0 0 0 0 0 0 0 0 0 0 0
0 0 0 0 0 0 0 0 0 0 0 0 0 0 0 0 0 0 0 0 0 0 0 0 0 0 0 0 0 0 0 0 0 2322.5 0 0 0 0 0 0 0 0 0 0 0
0 0 0 0 0 0 0 0 0 0 0 0 0 0 0 0 0 0 0 0 0 0 0 0 0 0 0 0 0 0 0 0 0 2500 0 0 0 0 0 0 0 0 0 0 0
0 0 0 0 0 0 0 0 0 0 0 0 0 0 0 0 0 0 0 0 0 0 0 0 0 0 0 0 0 0 0 0 0 2045 0 0 0 0 0 0 0 0 0 0 0
0 0 0 0 0 0 0 0 0 0 0 0 0 0 0 0 0 0 0 0 0 0 0 0 0 0 0 0 0 0 0 0 0 0 2500 0 0 0 0 0 0 0 0 0 0
0 0 0 0 0 0 0 0 0 0 0 0 0 0 0 0 0 0 0 0 0 0 0 0 0 0 0 0 0 0 0 0 0 0 2235 0 0 0 0 0 0 0 0 0 0
0 0 0 0 0 0 0 0 0 0 0 0 0 0 0 0 0 0 0 0 0 0 0 0 0 0 0 0 0 0 0 0 0 0 2445 0 0 0 0 0 0 0 0 0 0
0 0 0 0 0 0 0 0 0 0 0 0 0 0 0 0 0 0 0 0 0 0 0 0 0 0 0 0 0 0 0 0 0 0 0 2375 0 0 0 0 0 0 0 0 0
0 0 0 0 0 0 0 0 0 0 0 0 0 0 0 0 0 0 0 0 0 0 0 0 0 0 0 0 0 0 0 0 0 0 0 2370 0 0 0 0 0 0 0 0 0
0 0 0 0 0 0 0 0 0 0 0 0 0 0 0 0 0 0 0 0 0 0 0 0 0 0 0 0 0 0 0 0 0 0 0 2300 0 0 0 0 0 0 0 0 0
2444 2452 2500 0 0 0 0 0 0 0 0 0 0 0 0 0 0 0 0 0 0 0 0 0 0 0 0 0 0 0 0 0 0 0 0 0 1955 0 0 0 0 0 0 0 0
0 0 0 2500 2447.5 2423 0 0 0 0 0 0 0 0 0 0 0 0 0 0 0 0 0 0 0 0 0 0 0 0 0 0 0 0 0 0 2186 0 0 0 0 0 0 0 0
0 0 0 0 0 0 2460 2338 2455 0 0 0 0 0 0 0 0 0 0 0 0 0 0 0 0 0 0 0 0 0 0 0 0 0 0 0 1494 0 0 0 0 1472.5 0 0 0
0 0 0 0 0 0 0 0 0 2342.5 2342.5 2500 0 0 0 0 0 0 0 0 0 0 0 0 0 0 0 0 0 0 0 0 0 0 0 0 0 2160 0 0 0 0 0 0 0
0 0 0 0 0 0 0 0 0 0 0 0 2308.5 2332 2441.2 0 0 0 0 0 0 0 0 0 0 0 0 0 0 0 0 0 0 0 0 0 0 2135 0 0 0 0 0 0 0
0 0 0 0 0 0 0 0 0 0 0 0 0 0 0 2500 2336 2209 0 0 0 0 0 0 0 0 0 0 0 0 0 0 0 0 0 0 0 1900 0 0 0 0 2500 0 0
0 0 0 0 0 0 0 0 0 0 0 0 0 0 0 0 0 0 2187 2352.5 2416.5 0 0 0 0 0 0 0 0 0 0 0 0 0 0 0 0 0 1867.5 0 0 0 0 0 0
0 0 0 0 0 0 0 0 0 0 0 0 0 0 0 0 0 0 0 0 0 2432 2500 2342 0 0 0 0 0 0 0 0 0 0 0 0 0 0 2180 0 0 0 0 0 0
0 0 0 0 0 0 0 0 0 0 0 0 0 0 0 0 0 0 0 0 0 0 0 0 2426.5 2380 2500 0 0 0 0 0 0 0 0 0 0 0 2045 0 0 0 0 2500 0
0 0 0 0 0 0 0 0 0 0 0 0 0 0 0 0 0 0 0 0 0 0 0 0 0 0 0 2396 2370.5 1418.5 0 0 0 0 0 0 0 1791.2 1911 1461 0 0 0 0 0
0 0 0 0 0 0 0 0 0 0 0 0 0 0 0 0 0 0 0 0 0 0 0 0 0 0 0 0 0 0 2185 2081.7 2045 0 0 0 1831 0 2240.5 1420 0 0 0 0 0
0 0 0 0 0 0 0 0 0 0 0 0 0 0 0 0 0 0 0 0 0 0 0 0 0 0 0 0 0 0 0 0 0 1956 2274 2306.5 1892.5 2188 0 1660 0 0 0 0 0
0 0 0 0 0 0 0 0 0 0 0 0 0 0 0 0 0 0 0 0 0 0 0 0 0 0 0 0 0 0 0 0 0 0 0 0 1989.7 1629 2033 0 3310 0 0 0 3731
0 0 0 0 0 0 0 0 0 0 0 0 0 0 0 0 0 0 0 0 0 0 0 0 0 0 0 0 0 0 0 0 0 0 0 0 0 0 0 4104.5 0 0 0 0 0
0 0 0 0 0 0 0 0 0 0 0 0 0 0 0 0 0 0 0 0 0 0 0 0 0 0 0 0 0 1716 0 0 0 0 0 0 0 0 0 0 0 0 0 0 0
0 0 0 0 0 0 0 0 0 0 0 0 0 0 0 0 0 0 0 0 0 0 0 0 0 0 0 0 0 0 0 0 2500 0 0 0 0 0 0 0 0 0 0 0 0
0 0 0 0 0 0 0 0 0 0 0 0 0 0 0 0 0 0 0 0 0 0 0 0 0 0 0 0 0 0 0 0 0 0 0 2500 0 0 0 0 0 0 0 0 0
0 0 0 0 0 0 0 0 0 0 0 0 0 0 0 0 0 0 0 0 0 0 0 0 0 0 0 0 0 0 0 0 0 0 0 0 0 0 0 4047.2 0 0 0 0 0
13 400
20 3000
20 3000
70 7900
13310

--------------------------------
Process exited after 1.939 seconds with return value 0
请按任意键继续. . .