20 3000
14 600
17 1500
53 0
12210
611.1
第 1 条服务链：1 1
demand：150
NF：41
single COST: 16
16 33 38 40 41 40 39 34 20 -1 0 0 0 0 0 0
第 2 条服务链：4 1
demand：300
NF：42
single COST: 24
17 33 38 37 30 42 30 37 39 35 24 -1 0 0 0 0
第 3 条服务链：3 2
demand：195
NF：42
single COST: 30.4
18 33 38 37 30 42 30 37 39 36 26 -1 0 0 0 0
第 4 条服务链：3 2
demand：90
NF：44
single COST: 30.4
19 34 39 36 44 36 26 0 0 0 0 0 0 0 0 0
第 5 条服务链：2 1
demand：135
NF：44
single COST: 24
21 34 39 36 44 36 39 38 33 18 -1 0 0 0 0 0
第 6 条服务链：2 1
demand：180
NF：44
single COST: 24
21 34 39 36 44 36 39 37 28 2 -1 0 0 0 0 0
第 7 条服务链：0 2
demand：225
NF：41
single COST: 20.4
23 35 39 40 41 40 38 32 13 -1 0 0 0 0 0 0
第 8 条服务链：2 1
demand：75
NF：43
single COST: 24
5 29 37 38 33 43 33 17 0 0 0 0 0 0 0 0
第 9 条服务链：3 1
demand：270
NF：44
single COST: 6
26 36 44 36 39 37 29 5 -1 0 0 0 0 0 0 0
第 10 条服务链：1 1
demand：150
NF：41
single COST: 16
7 30 37 40 41 40 39 34 19 -1 0 0 0 0 0 0
第 11 条服务链：2 1
demand：300
NF：44
single COST: 24
21 34 39 36 44 36 39 38 33 18 -1 0 0 0 0 0
第 12 条服务链：1 1
demand：210
NF：41
single COST: 16
21 34 39 40 41 40 39 35 22 -1 0 0 0 0 0 0
第 13 条服务链：4 0
demand：150
NF：0
single COST: 0
0 0 0 0 0 0 0 0 0 0 0 0 0 0 0 0
第 14 条服务链：2 1
demand：150
NF：42
single COST: 24
25 36 39 37 30 42 30 7 0 0 0 0 0 0 0 0
第 15 条服务链：3 1
demand：165
NF：43
single COST: 6
26 36 39 38 33 43 33 38 39 36 25 -1 0 0 0 0
第 16 条服务链：1 1
demand：300
NF：41
single COST: 16
27 36 39 40 41 40 39 34 19 -1 0 0 0 0 0 0
第 17 条服务链：1 1
demand：120
NF：41
single COST: 16
18 33 38 40 41 40 38 31 10 -1 0 0 0 0 0 0
第 18 条服务链：0 2
demand：150
NF：41
single COST: 20.4
12 31 38 40 41 40 39 34 21 -1 0 0 0 0 0 0
第 19 条服务链：1 1
demand：285
NF：41
single COST: 16
23 35 39 40 41 40 37 28 3 -1 0 0 0 0 0 0
第 20 条服务链：2 1
demand：165
NF：43
single COST: 24
24 35 39 38 33 43 33 38 32 14 0 0 0 0 0 0
第 21 条服务链：3 1
demand：150
NF：44
single COST: 6
15 32 38 39 36 44 36 25 0 0 0 0 0 0 0 0
第 22 条服务链：4 0
demand：300
NF：0
single COST: 0
0 0 0 0 0 0 0 0 0 0 0 0 0 0 0 0
第 23 条服务链：2 1
demand：210
NF：42
single COST: 24
9 30 42 30 37 38 33 18 -1 0 0 0 0 0 0 0
第 24 条服务链：2 1
demand：225
NF：43
single COST: 24
1 28 37 38 33 43 33 38 39 34 19 -1 0 0 0 0
第 25 条服务链：3 1
demand：90
NF：43
single COST: 6
1 28 37 38 33 43 33 38 39 34 21 -1 0 0 0 0
第 26 条服务链：2 1
demand：105
NF：44
single COST: 24
14 32 38 39 36 44 36 39 37 30 8 -1 0 0 0 0
第 27 条服务链：2 1
demand：240
NF：44
single COST: 24
14 32 38 39 36 44 36 39 38 33 18 -1 0 0 0 0
第 28 条服务链：2 1
demand：150
NF：42
single COST: 24
6 29 37 30 42 30 37 39 34 19 -1 0 0 0 0 0
第 29 条服务链：3 1
demand：75
NF：42
single COST: 6
7 30 42 30 37 39 34 21 -1 0 0 0 0 0 0 0
第 30 条服务链：2 0
demand：255
NF：0
single COST: 0
0 0 0 0 0 0 0 0 0 0 0 0 0 0 0 0

第 1 条服务链：1 1
demand：180
NF：41
single COST: 0
1 28 37 38 40 41 40 38 31 10 0 0 0 0 0 0
第 2 条服务链：0 2
demand：300
NF：41
single COST: 4
2 28 37 39 40 41 40 38 31 11 0 0 0 0 0 0
第 3 条服务链：1 1
demand：150
NF：41
single COST: 0
3 28 37 38 40 41 40 37 38 32 13 0 0 0 0 0
第 4 条服务链：2 1
demand：105
NF：45
single COST: 0
4 29 37 40 45 40 38 32 14 0 0 0 0 0 0 0
第 5 条服务链：3 2
demand：300
NF：45
single COST: 6
5 29 37 40 45 40 38 32 15 0 0 0 0 0 0 0
第 6 条服务链：4 1
demand：75
NF：45
single COST: 0
7 30 37 40 45 40 38 33 17 0 0 0 0 0 0 0
第 7 条服务链：4 1
demand：30
NF：43
single COST: 0
9 30 37 38 33 43 33 18 0 0 0 0 0 0 0 0
第 8 条服务链：4 1
demand：300
NF：45
single COST: 0
10 31 38 40 45 40 39 34 19 0 0 0 0 0 0 0
第 9 条服务链：3 2
demand：90
NF：43
single COST: 6
12 31 38 33 43 33 38 37 28 1 0 0 0 0 0 0
第 10 条服务链：1 1
demand：120
NF：41
single COST: 0
14 32 38 40 41 40 39 34 19 0 0 0 0 0 0 0
第 11 条服务链：0 2
demand：300
NF：41
single COST: 4
16 33 38 40 41 40 39 34 20 0 0 0 0 0 0 0
第 12 条服务链：2 1
demand：105
NF：45
single COST: 0
17 33 38 40 45 40 39 35 24 0 0 0 0 0 0 0
第 13 条服务链：1 1
demand：90
NF：41
single COST: 0
18 33 38 39 40 41 40 39 36 26 0 0 0 0 0 0
第 14 条服务链：3 2
demand：300
NF：45
single COST: 6
19 34 39 40 45 40 39 37 29 6 0 0 0 0 0 0
第 15 条服务链：2 1
demand：90
NF：45
single COST: 0
21 34 39 37 40 45 40 37 30 8 0 0 0 0 0 0
第 16 条服务链：1 1
demand：150
NF：41
single COST: 0
1 28 37 38 40 41 40 38 31 10 0 0 0 0 0 0
第 17 条服务链：0 2
demand：150
NF：41
single COST: 4
2 28 37 40 41 40 38 31 11 0 0 0 0 0 0 0
第 18 条服务链：1 1
demand：120
NF：41
single COST: 0
3 28 37 38 40 41 40 38 32 13 0 0 0 0 0 0
第 19 条服务链：2 1
demand：165
NF：45
single COST: 0
4 29 37 40 45 40 38 32 14 0 0 0 0 0 0 0
第 20 条服务链：3 2
demand：150
NF：44
single COST: 6
5 29 37 38 39 36 44 36 39 37 38 32 15 0 0 0
第 21 条服务链：4 1
demand：135
NF：43
single COST: 0
7 30 37 38 33 43 33 17 0 0 0 0 0 0 0 0
第 22 条服务链：4 1
demand：195
NF：45
single COST: 0
9 30 37 40 45 40 38 33 18 0 0 0 0 0 0 0
第 23 条服务链：4 1
demand：150
NF：45
single COST: 0
10 31 38 39 40 45 40 37 39 34 19 0 0 0 0 0
第 24 条服务链：3 2
demand：150
NF：45
single COST: 6
12 31 38 39 40 45 40 37 28 1 0 0 0 0 0 0
第 25 条服务链：1 1
demand：210
NF：41
single COST: 0
14 32 38 40 41 40 39 34 19 0 0 0 0 0 0 0
第 26 条服务链：0 2
demand：150
NF：41
single COST: 4
16 33 38 37 40 41 40 39 34 20 0 0 0 0 0 0
第 27 条服务链：2 1
demand：225
NF：45
single COST: 0
17 33 38 39 40 45 40 39 35 24 0 0 0 0 0 0
第 28 条服务链：1 1
demand：240
NF：41
single COST: 0
18 33 38 40 41 40 39 36 26 0 0 0 0 0 0 0
第 29 条服务链：3 2
demand：150
NF：44
single COST: 6
19 34 39 36 44 36 39 38 37 29 6 0 0 0 0 0
第 30 条服务链：2 1
demand：300
NF：43
single COST: 0
21 34 39 40 38 33 43 33 38 40 37 30 8 0 0 0
第 31 条服务链：2 1
demand：255
NF：43
single COST: 0
21 34 39 38 33 43 33 38 39 35 22 0 0 0 0 0
第 32 条服务链：4 1
demand：150
NF：45
single COST: 0
23 35 39 40 45 40 38 32 13 0 0 0 0 0 0 0
第 33 条服务链：2 1
demand：225
NF：45
single COST: 0
25 36 39 40 45 40 38 33 17 0 0 0 0 0 0 0
第 34 条服务链：3 2
demand：270
NF：45
single COST: 6
26 36 39 40 45 40 37 29 5 0 0 0 0 0 0 0
第 35 条服务链：1 1
demand：150
NF：41
single COST: 0
27 36 39 38 40 41 40 37 30 9 0 0 0 0 0 0
第 36 条服务链：1 1
demand：195
NF：41
single COST: 0
1 28 37 40 41 40 38 31 10 0 0 0 0 0 0 0
第 37 条服务链：0 2
demand：150
NF：41
single COST: 4
12 31 38 40 41 40 38 31 11 0 0 0 0 0 0 0
第 38 条服务链：1 1
demand：135
NF：41
single COST: 0
23 35 39 40 41 40 38 32 13 0 0 0 0 0 0 0
第 39 条服务链：2 1
demand：195
NF：45
single COST: 0
4 29 37 38 40 45 40 39 38 32 14 0 0 0 0 0
第 40 条服务链：3 2
demand：150
NF：-1
single COST: 6
15 0 0 0 0 0 0 0 0 0 0 0 0 0 0 0
第 41 条服务链：4 1
demand：150
NF：45
single COST: 0
27 36 39 37 40 45 40 38 33 17 0 0 0 0 0 0
第 42 条服务链：4 1
demand：75
NF：43
single COST: 0
9 30 37 39 40 38 33 43 33 18 0 0 0 0 0 0
第 43 条服务链：2 1
demand：150
NF：45
single COST: 0
10 31 38 40 45 40 39 34 19 0 0 0 0 0 0 0
第 44 条服务链：3 2
demand：150
NF：45
single COST: 6
12 31 38 37 40 45 40 39 34 21 0 0 0 0 0 0
第 45 条服务链：2 1
demand：120
NF：45
single COST: 0
14 32 38 37 40 45 40 39 34 19 0 0 0 0 0 0

运行时间: 860 ms
node_used：
24 6 11 10 20
node_vnf_demand：
0 585 495 0 1275 330 0 1380 390 0 1380 2190
node_vnf_count：
0 2 5 0 5 4 0 5 4 0 5 22
589.6 + 0.7 + 20.8 = 611.1
0 0 0 0 0 0 0 0 0 0 0 0 0 0 0 0 0 0 0 0 0 0 0 0 0 0 0 3160 0 0 0 0 0 0 0 0 0 0 0 0 0 0 0 0 0
0 0 0 0 0 0 0 0 0 0 0 0 0 0 0 0 0 0 0 0 0 0 0 0 0 0 0 3550 0 0 0 0 0 0 0 0 0 0 0 0 0 0 0 0 0
0 0 0 0 0 0 0 0 0 0 0 0 0 0 0 0 0 0 0 0 0 0 0 0 0 0 0 3730 0 0 0 0 0 0 0 0 0 0 0 0 0 0 0 0 0
0 0 0 0 0 0 0 0 0 0 0 0 0 0 0 0 0 0 0 0 0 0 0 0 0 0 0 0 3535 0 0 0 0 0 0 0 0 0 0 0 0 0 0 0 0
0 0 0 0 0 0 0 0 0 0 0 0 0 0 0 0 0 0 0 0 0 0 0 0 0 0 0 0 3475 0 0 0 0 0 0 0 0 0 0 0 0 0 0 0 0
0 0 0 0 0 0 0 0 0 0 0 0 0 0 0 0 0 0 0 0 0 0 0 0 0 0 0 0 3850 0 0 0 0 0 0 0 0 0 0 0 0 0 0 0 0
0 0 0 0 0 0 0 0 0 0 0 0 0 0 0 0 0 0 0 0 0 0 0 0 0 0 0 0 0 3565 0 0 0 0 0 0 0 0 0 0 0 0 0 0 0
0 0 0 0 0 0 0 0 0 0 0 0 0 0 0 0 0 0 0 0 0 0 0 0 0 0 0 0 0 4000 0 0 0 0 0 0 0 0 0 0 0 0 0 0 0
0 0 0 0 0 0 0 0 0 0 0 0 0 0 0 0 0 0 0 0 0 0 0 0 0 0 0 0 0 3490 0 0 0 0 0 0 0 0 0 0 0 0 0 0 0
0 0 0 0 0 0 0 0 0 0 0 0 0 0 0 0 0 0 0 0 0 0 0 0 0 0 0 0 0 0 3400 0 0 0 0 0 0 0 0 0 0 0 0 0 0
0 0 0 0 0 0 0 0 0 0 0 0 0 0 0 0 0 0 0 0 0 0 0 0 0 0 0 0 0 0 4000 0 0 0 0 0 0 0 0 0 0 0 0 0 0
0 0 0 0 0 0 0 0 0 0 0 0 0 0 0 0 0 0 0 0 0 0 0 0 0 0 0 0 0 0 3310 0 0 0 0 0 0 0 0 0 0 0 0 0 0
0 0 0 0 0 0 0 0 0 0 0 0 0 0 0 0 0 0 0 0 0 0 0 0 0 0 0 0 0 0 0 4000 0 0 0 0 0 0 0 0 0 0 0 0 0
0 0 0 0 0 0 0 0 0 0 0 0 0 0 0 0 0 0 0 0 0 0 0 0 0 0 0 0 0 0 0 3205 0 0 0 0 0 0 0 0 0 0 0 0 0
0 0 0 0 0 0 0 0 0 0 0 0 0 0 0 0 0 0 0 0 0 0 0 0 0 0 0 0 0 0 0 3850 0 0 0 0 0 0 0 0 0 0 0 0 0
0 0 0 0 0 0 0 0 0 0 0 0 0 0 0 0 0 0 0 0 0 0 0 0 0 0 0 0 0 0 0 0 3400 0 0 0 0 0 0 0 0 0 0 0 0
0 0 0 0 0 0 0 0 0 0 0 0 0 0 0 0 0 0 0 0 0 0 0 0 0 0 0 0 0 0 0 0 3370 0 0 0 0 0 0 0 0 0 0 0 0
0 0 0 0 0 0 0 0 0 0 0 0 0 0 0 0 0 0 0 0 0 0 0 0 0 0 0 0 0 0 0 0 3355 0 0 0 0 0 0 0 0 0 0 0 0
0 0 0 0 0 0 0 0 0 0 0 0 0 0 0 0 0 0 0 0 0 0 0 0 0 0 0 0 0 0 0 0 0 3460 0 0 0 0 0 0 0 0 0 0 0
0 0 0 0 0 0 0 0 0 0 0 0 0 0 0 0 0 0 0 0 0 0 0 0 0 0 0 0 0 0 0 0 0 4000 0 0 0 0 0 0 0 0 0 0 0
0 0 0 0 0 0 0 0 0 0 0 0 0 0 0 0 0 0 0 0 0 0 0 0 0 0 0 0 0 0 0 0 0 2530 0 0 0 0 0 0 0 0 0 0 0
0 0 0 0 0 0 0 0 0 0 0 0 0 0 0 0 0 0 0 0 0 0 0 0 0 0 0 0 0 0 0 0 0 0 4000 0 0 0 0 0 0 0 0 0 0
0 0 0 0 0 0 0 0 0 0 0 0 0 0 0 0 0 0 0 0 0 0 0 0 0 0 0 0 0 0 0 0 0 0 3205 0 0 0 0 0 0 0 0 0 0
0 0 0 0 0 0 0 0 0 0 0 0 0 0 0 0 0 0 0 0 0 0 0 0 0 0 0 0 0 0 0 0 0 0 3835 0 0 0 0 0 0 0 0 0 0
0 0 0 0 0 0 0 0 0 0 0 0 0 0 0 0 0 0 0 0 0 0 0 0 0 0 0 0 0 0 0 0 0 0 0 3625 0 0 0 0 0 0 0 0 0
0 0 0 0 0 0 0 0 0 0 0 0 0 0 0 0 0 0 0 0 0 0 0 0 0 0 0 0 0 0 0 0 0 0 0 3295 0 0 0 0 0 0 0 0 0
0 0 0 0 0 0 0 0 0 0 0 0 0 0 0 0 0 0 0 0 0 0 0 0 0 0 0 0 0 0 0 0 0 0 0 3400 0 0 0 0 0 0 0 0 0
3832 3856 4000 0 0 0 0 0 0 0 0 0 0 0 0 0 0 0 0 0 0 0 0 0 0 0 0 0 0 0 0 0 0 0 0 0 2440 0 0 0 0 0 0 0 0
0 0 0 4000 3595 3685 0 0 0 0 0 0 0 0 0 0 0 0 0 0 0 0 0 0 0 0 0 0 0 0 0 0 0 0 0 0 2860 0 0 0 0 0 0 0 0
0 0 0 0 0 0 3880 3604 3865 0 0 0 0 0 0 0 0 0 0 0 0 0 0 0 0 0 0 0 0 0 0 0 0 0 0 0 2645.5 0 0 0 0 2920 0 0 0
0 0 0 0 0 0 0 0 0 3527.5 3460 4000 0 0 0 0 0 0 0 0 0 0 0 0 0 0 0 0 0 0 0 0 0 0 0 0 0 2710 0 0 0 0 0 0 0
0 0 0 0 0 0 0 0 0 0 0 0 3530.5 3496 3685 0 0 0 0 0 0 0 0 0 0 0 0 0 0 0 0 0 0 0 0 0 0 3055 0 0 0 0 0 0 0
0 0 0 0 0 0 0 0 0 0 0 0 0 0 0 4000 3508 3082 0 0 0 0 0 0 0 0 0 0 0 0 0 0 0 0 0 0 0 1102 0 0 0 0 2395 0 0
0 0 0 0 0 0 0 0 0 0 0 0 0 0 0 0 0 0 2872 3595 3763 0 0 0 0 0 0 0 0 0 0 0 0 0 0 0 0 0 1990 0 0 0 0 0 0
0 0 0 0 0 0 0 0 0 0 0 0 0 0 0 0 0 0 0 0 0 3796 4000 3526 0 0 0 0 0 0 0 0 0 0 0 0 0 0 3040 0 0 0 0 0 0
0 0 0 0 0 0 0 0 0 0 0 0 0 0 0 0 0 0 0 0 0 0 0 0 3748 3503.5 4000 0 0 0 0 0 0 0 0 0 0 0 1396 0 0 0 0 2230 0
0 0 0 0 0 0 0 0 0 0 0 0 0 0 0 0 0 0 0 0 0 0 0 0 0 0 0 3688 3280 2674 0 0 0 0 0 0 0 2092 2993.5 2005 0 0 0 0 0
0 0 0 0 0 0 0 0 0 0 0 0 0 0 0 0 0 0 0 0 0 0 0 0 0 0 0 0 0 0 2987.5 2711.5 1213 0 0 0 2917 0 2152 820 0 0 0 0 0
0 0 0 0 0 0 0 0 0 0 0 0 0 0 0 0 0 0 0 0 0 0 0 0 0 0 0 0 0 0 0 0 0 2230 3322 1934.5 2851 2464 0 610 0 0 0 0 0
0 0 0 0 0 0 0 0 0 0 0 0 0 0 0 0 0 0 0 0 0 0 0 0 0 0 0 0 0 0 0 0 0 0 0 0 3019 1378 1840 0 3620 0 0 0 4430
0 0 0 0 0 0 0 0 0 0 0 0 0 0 0 0 0 0 0 0 0 0 0 0 0 0 0 0 0 0 0 0 0 0 0 0 0 0 0 5489 0 0 0 0 0
0 0 0 0 0 0 0 0 0 0 0 0 0 0 0 0 0 0 0 0 0 0 0 0 0 0 0 0 0 3185.5 0 0 0 0 0 0 0 0 0 0 0 0 0 0 0
0 0 0 0 0 0 0 0 0 0 0 0 0 0 0 0 0 0 0 0 0 0 0 0 0 0 0 0 0 0 0 0 2749 0 0 0 0 0 0 0 0 0 0 0 0
0 0 0 0 0 0 0 0 0 0 0 0 0 0 0 0 0 0 0 0 0 0 0 0 0 0 0 0 0 0 0 0 0 0 0 2623 0 0 0 0 0 0 0 0 0
0 0 0 0 0 0 0 0 0 0 0 0 0 0 0 0 0 0 0 0 0 0 0 0 0 0 0 0 0 0 0 0 0 0 0 0 0 0 0 5363 0 0 0 0 0
13 100
11 0
11 0
53 0
10620

--------------------------------
Process exited after 1.233 seconds with return value 0
请按任意键继续. . .