20 3000
14 600
17 1500
53 0
12210
607.1
选择已分配的服务链：
1 4 8 10 13 19 23 28 33 39 43 0 0 0 0 0 0 0 0 0 0 0 0 0 0 0 0 0 0 0 0 0 0 0 0 0 0 0 0 0 0 0 0 0 0 0 0 0
运行时间: 16 ms
607.1

运行时间: 32 ms
265.7

运行时间: 47 ms
265.1

运行时间: 63 ms
265.1

运行时间: 79 ms
265.1

运行时间: 94 ms
265.1

运行时间: 110 ms
264.9

运行时间: 125 ms
264.7

运行时间: 141 ms
264.7

运行时间: 157 ms
264.7

运行时间: 172 ms
264.7

运行时间: 188 ms
264.7

运行时间: 204 ms
264.7

运行时间: 219 ms
264.9

运行时间: 235 ms
264.7

运行时间: 250 ms
264.7

运行时间: 266 ms
264.7

运行时间: 282 ms
264.7

运行时间: 297 ms
264.7

运行时间: 313 ms
264.7

运行时间: 329 ms
264.7

运行时间: 344 ms
264.7

运行时间: 375 ms
264.7

运行时间: 407 ms
264.7

运行时间: 438 ms
264.7

运行时间: 454 ms
264.7

运行时间: 485 ms
264.7

运行时间: 500 ms
264.7

运行时间: 516 ms
264.7

运行时间: 547 ms
264.7

运行时间: 563 ms
264.7

运行时间: 579 ms
264.7

运行时间: 594 ms
264.7

运行时间: 610 ms
264.7

运行时间: 625 ms
264.7

运行时间: 641 ms
264.7

运行时间: 657 ms
264.7

运行时间: 672 ms
264.7

运行时间: 688 ms
264.7

运行时间: 704 ms
264.7

运行时间: 719 ms
264.7

运行时间: 735 ms
264.9

运行时间: 750 ms
264.9

运行时间: 766 ms
264.9

运行时间: 782 ms
264.9

运行时间: 797 ms
264.9

运行时间: 813 ms
264.9

运行时间: 829 ms
264.9

运行时间: 844 ms
264.7

运行时间: 860 ms
264.7

运行时间: 875 ms
264.7

运行时间: 891 ms
264.7

运行时间: 907 ms
264.9

运行时间: 922 ms
264.7

运行时间: 938 ms
264.7

运行时间: 954 ms
264.7

运行时间: 969 ms
264.7

运行时间: 985 ms
264.7

运行时间: 1000 ms
264.7

运行时间: 1016 ms
264.7

运行时间: 1032 ms
264.7

运行时间: 1047 ms
264.7

运行时间: 1063 ms
264.7

运行时间: 1079 ms
264.7

运行时间: 1094 ms
264.7

运行时间: 1110 ms
264.9

运行时间: 1125 ms
264.7

运行时间: 1141 ms
264.7

运行时间: 1157 ms
264.7

运行时间: 1172 ms
264.7

运行时间: 1188 ms
264.7

运行时间: 1204 ms
264.7

运行时间: 1219 ms
264.7

运行时间: 1235 ms
264.7

运行时间: 1250 ms
264.7

运行时间: 1266 ms
264.7

运行时间: 1282 ms
264.7

运行时间: 1297 ms
264.7

运行时间: 1313 ms
264.7

运行时间: 1329 ms
264.7

运行时间: 1344 ms
264.9

运行时间: 1360 ms
257.7

运行时间: 1375 ms
257.7
第 1 条服务链：1 1
demand：150
NF：41
single COST: 1.6
16 33 38 40 41 40 39 34 20 -1 0 0 0 0 0 0
第 2 条服务链：4 1
demand：300
NF：44
single COST: 1.8
17 33 38 39 36 44 36 39 35 24 0 0 0 0 0 0
第 3 条服务链：3 1
demand：195
NF：42
single COST: 14
18 33 38 37 30 42 30 37 39 36 26 -1 0 0 0 0
第 4 条服务链：3 2
demand：90
NF：42
single COST: 8
19 34 39 37 30 42 30 37 39 36 26 -1 0 0 0 0
第 5 条服务链：2 1
demand：135
NF：43
single COST: 1.4
21 34 39 38 33 43 33 18 0 0 0 0 0 0 0 0
第 6 条服务链：2 1
demand：180
NF：43
single COST: 2
21 34 39 38 33 43 33 38 37 28 2 -1 0 0 0 0
第 7 条服务链：0 2
demand：225
NF：41
single COST: 5.6
23 35 39 40 41 40 38 32 13 -1 0 0 0 0 0 0
第 8 条服务链：2 1
demand：75
NF：43
single COST: 1.4
5 29 37 38 33 43 33 17 0 0 0 0 0 0 0 0
第 9 条服务链：3 1
demand：270
NF：42
single COST: 13.8
26 36 39 37 30 42 30 37 29 5 0 0 0 0 0 0
第 10 条服务链：1 1
demand：150
NF：41
single COST: 1.6
7 30 37 40 41 40 39 34 19 -1 0 0 0 0 0 0
第 11 条服务链：2 1
demand：300
NF：43
single COST: 1.4
21 34 39 38 33 43 33 18 0 0 0 0 0 0 0 0
第 12 条服务链：1 1
demand：210
NF：41
single COST: 1.6
21 34 39 40 41 40 39 35 22 -1 0 0 0 0 0 0
第 13 条服务链：4 0
demand：150
NF：0
single COST: 24
0 0 0 0 0 0 0 0 0 0 0 0 0 0 0 0
第 14 条服务链：2 1
demand：150
NF：42
single COST: 1.4
25 36 39 37 30 42 30 7 0 0 0 0 0 0 0 0
第 15 条服务链：3 1
demand：165
NF：42
single COST: 14
26 36 39 37 30 42 30 37 39 36 25 -1 0 0 0 0
第 16 条服务链：1 1
demand：300
NF：41
single COST: 1.6
27 36 39 40 41 40 39 34 19 -1 0 0 0 0 0 0
第 17 条服务链：1 1
demand：120
NF：41
single COST: 1.6
18 33 38 40 41 40 38 31 10 -1 0 0 0 0 0 0
第 18 条服务链：0 2
demand：150
NF：41
single COST: 5.6
12 31 38 40 41 40 39 34 21 -1 0 0 0 0 0 0
第 19 条服务链：1 1
demand：285
NF：41
single COST: 1.6
23 35 39 40 41 40 37 28 3 -1 0 0 0 0 0 0
第 20 条服务链：2 1
demand：165
NF：42
single COST: 2
24 35 39 37 30 42 30 37 38 32 14 -1 0 0 0 0
第 21 条服务链：3 1
demand：150
NF：42
single COST: 14
15 32 38 37 30 42 30 37 39 36 25 -1 0 0 0 0
第 22 条服务链：4 0
demand：300
NF：0
single COST: 24
0 0 0 0 0 0 0 0 0 0 0 0 0 0 0 0
第 23 条服务链：2 1
demand：210
NF：42
single COST: 1.4
9 30 42 30 37 38 33 18 -1 0 0 0 0 0 0 0
第 24 条服务链：2 1
demand：225
NF：43
single COST: 2
1 28 37 38 33 43 33 38 39 34 19 -1 0 0 0 0
第 25 条服务链：3 2
demand：90
NF：42
single COST: 7.8
1 28 37 30 42 30 37 39 34 21 -1 0 0 0 0 0
第 26 条服务链：2 1
demand：105
NF：42
single COST: 1.4
14 32 38 37 30 42 30 8 0 0 0 0 0 0 0 0
第 27 条服务链：2 1
demand：240
NF：42
single COST: 2
14 32 38 37 30 42 30 37 38 33 18 -1 0 0 0 0
第 28 条服务链：2 1
demand：150
NF：42
single COST: 1.8
6 29 37 30 42 30 37 39 34 19 -1 0 0 0 0 0
第 29 条服务链：3 2
demand：75
NF：42
single COST: 7.4
7 30 42 30 37 39 34 21 -1 0 0 0 0 0 0 0
第 30 条服务链：2 1
demand：255
NF：42
single COST: 1.4
19 34 39 37 30 42 30 8 0 0 0 0 0 0 0 0

第 1 条服务链：1 1
demand：180
NF：41
single COST: 0
1 28 37 38 40 41 40 38 31 10 -1 0 0 0 0 0
第 2 条服务链：0 2
demand：300
NF：41
single COST: 4
2 28 37 40 41 40 38 31 11 -1 0 0 0 0 0 0
第 3 条服务链：1 1
demand：150
NF：41
single COST: 0
3 28 37 38 40 41 40 37 38 32 13 0 0 0 0 0
第 4 条服务链：2 1
demand：105
NF：45
single COST: 0
4 29 37 40 45 40 38 32 14 0 0 0 0 0 0 0
第 5 条服务链：3 2
demand：300
NF：45
single COST: 6
5 29 37 40 45 40 38 32 15 -1 0 0 0 0 0 0
第 6 条服务链：4 1
demand：75
NF：45
single COST: 0
7 30 37 40 45 40 38 33 17 0 0 0 0 0 0 0
第 7 条服务链：4 1
demand：30
NF：43
single COST: 0
9 30 37 38 33 43 33 18 0 0 0 0 0 0 0 0
第 8 条服务链：4 1
demand：300
NF：45
single COST: 0
10 31 38 40 45 40 39 34 19 0 0 0 0 0 0 0
第 9 条服务链：3 2
demand：90
NF：43
single COST: 6
12 31 38 33 43 33 38 37 28 1 -1 0 0 0 0 0
第 10 条服务链：1 1
demand：120
NF：41
single COST: 0
14 32 38 40 41 40 39 34 19 0 0 0 0 0 0 0
第 11 条服务链：0 2
demand：300
NF：41
single COST: 4
16 33 38 40 41 40 39 34 20 -1 0 0 0 0 0 0
第 12 条服务链：2 1
demand：105
NF：45
single COST: 0
17 33 38 40 45 40 39 35 24 0 0 0 0 0 0 0
第 13 条服务链：1 1
demand：90
NF：41
single COST: 0
18 33 38 39 40 41 40 39 36 26 0 0 0 0 0 0
第 14 条服务链：3 2
demand：300
NF：45
single COST: 6
19 34 39 40 45 40 37 29 6 -1 0 0 0 0 0 0
第 15 条服务链：2 1
demand：90
NF：45
single COST: 0
21 34 39 37 40 45 40 37 30 8 0 0 0 0 0 0
第 16 条服务链：1 1
demand：150
NF：41
single COST: 0
1 28 37 38 40 41 40 38 31 10 0 0 0 0 0 0
第 17 条服务链：0 2
demand：150
NF：41
single COST: 4
2 28 37 40 41 40 38 31 11 0 0 0 0 0 0 0
第 18 条服务链：1 1
demand：120
NF：41
single COST: 0
3 28 37 38 40 41 40 38 32 13 0 0 0 0 0 0
第 19 条服务链：2 1
demand：165
NF：45
single COST: 0
4 29 37 40 45 40 38 32 14 0 0 0 0 0 0 0
第 20 条服务链：3 2
demand：150
NF：44
single COST: 6
5 29 37 39 36 44 36 39 37 38 32 15 0 0 0 0
第 21 条服务链：4 1
demand：135
NF：43
single COST: 0
7 30 37 38 33 43 33 17 0 0 0 0 0 0 0 0
第 22 条服务链：4 1
demand：195
NF：45
single COST: 0
9 30 37 40 45 40 38 33 18 0 0 0 0 0 0 0
第 23 条服务链：4 1
demand：150
NF：45
single COST: 0
10 31 38 39 40 45 40 37 39 34 19 0 0 0 0 0
第 24 条服务链：3 2
demand：150
NF：45
single COST: 6
12 31 38 39 40 45 40 37 28 1 -1 0 0 0 0 0
第 25 条服务链：1 1
demand：210
NF：41
single COST: 0
14 32 38 40 41 40 39 34 19 0 0 0 0 0 0 0
第 26 条服务链：0 2
demand：150
NF：41
single COST: 4
16 33 38 37 40 41 40 39 34 20 0 0 0 0 0 0
第 27 条服务链：2 1
demand：225
NF：45
single COST: 0
17 33 38 39 40 45 40 39 35 24 0 0 0 0 0 0
第 28 条服务链：1 1
demand：240
NF：41
single COST: 0
18 33 38 40 41 40 39 36 26 0 0 0 0 0 0 0
第 29 条服务链：3 2
demand：150
NF：44
single COST: 6
19 34 39 36 44 36 39 37 29 6 -1 0 0 0 0 0
第 30 条服务链：2 1
demand：300
NF：43
single COST: 0
21 34 39 40 38 33 43 33 38 40 37 30 8 0 0 0
第 31 条服务链：2 1
demand：255
NF：43
single COST: 0
21 34 39 38 33 43 33 38 39 35 22 0 0 0 0 0
第 32 条服务链：4 1
demand：150
NF：45
single COST: 0
23 35 39 40 45 40 38 32 13 0 0 0 0 0 0 0
第 33 条服务链：2 1
demand：225
NF：45
single COST: 0
25 36 39 40 45 40 38 33 17 0 0 0 0 0 0 0
第 34 条服务链：3 2
demand：270
NF：45
single COST: 6
26 36 39 40 45 40 37 29 5 -1 0 0 0 0 0 0
第 35 条服务链：1 1
demand：150
NF：41
single COST: 0
27 36 39 38 40 41 40 37 30 9 0 0 0 0 0 0
第 36 条服务链：1 1
demand：195
NF：41
single COST: 0
1 28 37 40 41 40 38 31 10 0 0 0 0 0 0 0
第 37 条服务链：0 2
demand：150
NF：41
single COST: 4
12 31 38 40 41 40 38 31 11 0 0 0 0 0 0 0
第 38 条服务链：1 1
demand：135
NF：41
single COST: 0
23 35 39 40 41 40 38 32 13 0 0 0 0 0 0 0
第 39 条服务链：2 1
demand：195
NF：45
single COST: 0
4 29 37 38 40 45 40 39 38 32 14 0 0 0 0 0
第 40 条服务链：3 2
demand：150
NF：-1
single COST: 6
15 0 0 0 0 0 0 0 0 0 0 0 0 0 0 0
第 41 条服务链：4 1
demand：150
NF：45
single COST: 0
27 36 39 37 40 45 40 38 33 17 0 0 0 0 0 0
第 42 条服务链：4 1
demand：75
NF：43
single COST: 0
9 30 37 39 40 38 33 43 33 18 0 0 0 0 0 0
第 43 条服务链：2 1
demand：150
NF：45
single COST: 0
10 31 38 40 45 40 39 34 19 0 0 0 0 0 0 0
第 44 条服务链：3 2
demand：150
NF：45
single COST: 6
12 31 38 37 40 45 40 39 34 21 -1 0 0 0 0 0
第 45 条服务链：2 1
demand：120
NF：45
single COST: 0
14 32 38 37 40 45 40 39 34 19 0 0 0 0 0 0

运行时间: 2313 ms
node_used：
24 14 11 3 20
node_vnf_demand：
0 2055 255 0 1470 330 0 0 600 0 1380 2190
node_vnf_count：
0 7 3 0 5 4 0 0 6 0 5 22
243.2 + 0.7 + 20.8 = 264.7
0 0 0 0 0 0 0 0 0 0 0 0 0 0 0 0 0 0 0 0 0 0 0 0 0 0 0 3160 0 0 0 0 0 0 0 0 0 0 0 0 0 0 0 0 0
0 0 0 0 0 0 0 0 0 0 0 0 0 0 0 0 0 0 0 0 0 0 0 0 0 0 0 3550 0 0 0 0 0 0 0 0 0 0 0 0 0 0 0 0 0
0 0 0 0 0 0 0 0 0 0 0 0 0 0 0 0 0 0 0 0 0 0 0 0 0 0 0 3730 0 0 0 0 0 0 0 0 0 0 0 0 0 0 0 0 0
0 0 0 0 0 0 0 0 0 0 0 0 0 0 0 0 0 0 0 0 0 0 0 0 0 0 0 0 3535 0 0 0 0 0 0 0 0 0 0 0 0 0 0 0 0
0 0 0 0 0 0 0 0 0 0 0 0 0 0 0 0 0 0 0 0 0 0 0 0 0 0 0 0 3475 0 0 0 0 0 0 0 0 0 0 0 0 0 0 0 0
0 0 0 0 0 0 0 0 0 0 0 0 0 0 0 0 0 0 0 0 0 0 0 0 0 0 0 0 3850 0 0 0 0 0 0 0 0 0 0 0 0 0 0 0 0
0 0 0 0 0 0 0 0 0 0 0 0 0 0 0 0 0 0 0 0 0 0 0 0 0 0 0 0 0 3565 0 0 0 0 0 0 0 0 0 0 0 0 0 0 0
0 0 0 0 0 0 0 0 0 0 0 0 0 0 0 0 0 0 0 0 0 0 0 0 0 0 0 0 0 4000 0 0 0 0 0 0 0 0 0 0 0 0 0 0 0
0 0 0 0 0 0 0 0 0 0 0 0 0 0 0 0 0 0 0 0 0 0 0 0 0 0 0 0 0 3490 0 0 0 0 0 0 0 0 0 0 0 0 0 0 0
0 0 0 0 0 0 0 0 0 0 0 0 0 0 0 0 0 0 0 0 0 0 0 0 0 0 0 0 0 0 3400 0 0 0 0 0 0 0 0 0 0 0 0 0 0
0 0 0 0 0 0 0 0 0 0 0 0 0 0 0 0 0 0 0 0 0 0 0 0 0 0 0 0 0 0 4000 0 0 0 0 0 0 0 0 0 0 0 0 0 0
0 0 0 0 0 0 0 0 0 0 0 0 0 0 0 0 0 0 0 0 0 0 0 0 0 0 0 0 0 0 3310 0 0 0 0 0 0 0 0 0 0 0 0 0 0
0 0 0 0 0 0 0 0 0 0 0 0 0 0 0 0 0 0 0 0 0 0 0 0 0 0 0 0 0 0 0 4000 0 0 0 0 0 0 0 0 0 0 0 0 0
0 0 0 0 0 0 0 0 0 0 0 0 0 0 0 0 0 0 0 0 0 0 0 0 0 0 0 0 0 0 0 3205 0 0 0 0 0 0 0 0 0 0 0 0 0
0 0 0 0 0 0 0 0 0 0 0 0 0 0 0 0 0 0 0 0 0 0 0 0 0 0 0 0 0 0 0 3850 0 0 0 0 0 0 0 0 0 0 0 0 0
0 0 0 0 0 0 0 0 0 0 0 0 0 0 0 0 0 0 0 0 0 0 0 0 0 0 0 0 0 0 0 0 3400 0 0 0 0 0 0 0 0 0 0 0 0
0 0 0 0 0 0 0 0 0 0 0 0 0 0 0 0 0 0 0 0 0 0 0 0 0 0 0 0 0 0 0 0 3370 0 0 0 0 0 0 0 0 0 0 0 0
0 0 0 0 0 0 0 0 0 0 0 0 0 0 0 0 0 0 0 0 0 0 0 0 0 0 0 0 0 0 0 0 3355 0 0 0 0 0 0 0 0 0 0 0 0
0 0 0 0 0 0 0 0 0 0 0 0 0 0 0 0 0 0 0 0 0 0 0 0 0 0 0 0 0 0 0 0 0 3205 0 0 0 0 0 0 0 0 0 0 0
0 0 0 0 0 0 0 0 0 0 0 0 0 0 0 0 0 0 0 0 0 0 0 0 0 0 0 0 0 0 0 0 0 4000 0 0 0 0 0 0 0 0 0 0 0
0 0 0 0 0 0 0 0 0 0 0 0 0 0 0 0 0 0 0 0 0 0 0 0 0 0 0 0 0 0 0 0 0 2530 0 0 0 0 0 0 0 0 0 0 0
0 0 0 0 0 0 0 0 0 0 0 0 0 0 0 0 0 0 0 0 0 0 0 0 0 0 0 0 0 0 0 0 0 0 4000 0 0 0 0 0 0 0 0 0 0
0 0 0 0 0 0 0 0 0 0 0 0 0 0 0 0 0 0 0 0 0 0 0 0 0 0 0 0 0 0 0 0 0 0 3205 0 0 0 0 0 0 0 0 0 0
0 0 0 0 0 0 0 0 0 0 0 0 0 0 0 0 0 0 0 0 0 0 0 0 0 0 0 0 0 0 0 0 0 0 3835 0 0 0 0 0 0 0 0 0 0
0 0 0 0 0 0 0 0 0 0 0 0 0 0 0 0 0 0 0 0 0 0 0 0 0 0 0 0 0 0 0 0 0 0 0 3625 0 0 0 0 0 0 0 0 0
0 0 0 0 0 0 0 0 0 0 0 0 0 0 0 0 0 0 0 0 0 0 0 0 0 0 0 0 0 0 0 0 0 0 0 3295 0 0 0 0 0 0 0 0 0
0 0 0 0 0 0 0 0 0 0 0 0 0 0 0 0 0 0 0 0 0 0 0 0 0 0 0 0 0 0 0 0 0 0 0 3400 0 0 0 0 0 0 0 0 0
3832 3856 3743.5 0 0 0 0 0 0 0 0 0 0 0 0 0 0 0 0 0 0 0 0 0 0 0 0 0 0 0 0 0 0 0 0 0 2440 0 0 0 0 0 0 0 0
0 0 0 4000 3595 3685 0 0 0 0 0 0 0 0 0 0 0 0 0 0 0 0 0 0 0 0 0 0 0 0 0 0 0 0 0 0 2860 0 0 0 0 0 0 0 0
0 0 0 0 0 0 3880 3400 3865 0 0 0 0 0 0 0 0 0 0 0 0 0 0 0 0 0 0 0 0 0 0 0 0 0 0 0 1925.5 0 0 0 0 1690 0 0 0
0 0 0 0 0 0 0 0 0 3419.5 3460 4000 0 0 0 0 0 0 0 0 0 0 0 0 0 0 0 0 0 0 0 0 0 0 0 0 0 2710 0 0 0 0 0 0 0
0 0 0 0 0 0 0 0 0 0 0 0 3328 3496 3685 0 0 0 0 0 0 0 0 0 0 0 0 0 0 0 0 0 0 0 0 0 0 3055 0 0 0 0 0 0 0
0 0 0 0 0 0 0 0 0 0 0 0 0 0 0 4000 3508 3082 0 0 0 0 0 0 0 0 0 0 0 0 0 0 0 0 0 0 0 1294 0 0 0 0 2200 0 0
0 0 0 0 0 0 0 0 0 0 0 0 0 0 0 0 0 0 2467 3460 3644.5 0 0 0 0 0 0 0 0 0 0 0 0 0 0 0 0 0 1735 0 0 0 0 0 0
0 0 0 0 0 0 0 0 0 0 0 0 0 0 0 0 0 0 0 0 0 3607 4000 3526 0 0 0 0 0 0 0 0 0 0 0 0 0 0 3040 0 0 0 0 0 0
0 0 0 0 0 0 0 0 0 0 0 0 0 0 0 0 0 0 0 0 0 0 0 0 3748 3484 4000 0 0 0 0 0 0 0 0 0 0 0 1900 0 0 0 0 3400 0
0 0 0 0 0 0 0 0 0 0 0 0 0 0 0 0 0 0 0 0 0 0 0 0 0 0 0 3431.5 3280 1528 0 0 0 0 0 0 0 2008 2963.5 1705 0 0 0 0 0
0 0 0 0 0 0 0 0 0 0 0 0 0 0 0 0 0 0 0 0 0 0 0 0 0 0 0 0 0 0 2879.5 2509 1366 0 0 0 2683 0 2701 820 0 0 0 0 0
0 0 0 0 0 0 0 0 0 0 0 0 0 0 0 0 0 0 0 0 0 0 0 0 0 0 0 0 0 0 0 0 0 1571.5 3133 2632 2455 2824 0 910 0 0 0 0 0
0 0 0 0 0 0 0 0 0 0 0 0 0 0 0 0 0 0 0 0 0 0 0 0 0 0 0 0 0 0 0 0 0 0 0 0 2552.5 1067.5 1186 0 3620 0 0 0 4430
0 0 0 0 0 0 0 0 0 0 0 0 0 0 0 0 0 0 0 0 0 0 0 0 0 0 0 0 0 0 0 0 0 0 0 0 0 0 0 4058 0 0 0 0 0
0 0 0 0 0 0 0 0 0 0 0 0 0 0 0 0 0 0 0 0 0 0 0 0 0 0 0 0 0 2177.5 0 0 0 0 0 0 0 0 0 0 0 0 0 0 0
0 0 0 0 0 0 0 0 0 0 0 0 0 0 0 0 0 0 0 0 0 0 0 0 0 0 0 0 0 0 0 0 2593 0 0 0 0 0 0 0 0 0 0 0 0
0 0 0 0 0 0 0 0 0 0 0 0 0 0 0 0 0 0 0 0 0 0 0 0 0 0 0 0 0 0 0 0 0 0 0 3580 0 0 0 0 0 0 0 0 0
0 0 0 0 0 0 0 0 0 0 0 0 0 0 0 0 0 0 0 0 0 0 0 0 0 0 0 0 0 0 0 0 0 0 0 0 0 0 0 5363 0 0 0 0 0
10 100
11 0
14 0
53 0
10620

--------------------------------
Process exited after 2.677 seconds with return value 0
请按任意键继续. . .