20 3000
20 3000
20 3000
51 7300
17510
1402.9
选择已分配的服务链：
1 4 8 13 19 23 25 28
运行时间: 16 ms
158.3

运行时间: 31 ms
155.3

运行时间: 31 ms
第 1 条服务链：2 1
demand：10
NF：44
single COST: 1.6
21 34 39 36 44 36 39 35 22 0 0 0 0 0 0 0
第 2 条服务链：4 1
demand：100
NF：45
single COST: 2
23 35 39 37 38 40 45 40 38 32 13 -1 0 0 0 0
第 3 条服务链：2 1
demand：250
NF：44
single COST: 1.4
25 36 44 36 39 38 33 17 -1 0 0 0 0 0 0 0
第 4 条服务链：3 2
demand：10
NF：44
single COST: 9.4
26 36 44 36 39 37 29 5 -1 0 0 0 0 0 0 0
第 5 条服务链：1 1
demand：100
NF：41
single COST: 1.6
27 36 39 40 41 40 37 30 9 -1 0 0 0 0 0 0
第 6 条服务链：1 1
demand：30
NF：41
single COST: 1.6
1 28 37 40 41 40 38 31 10 -1 0 0 0 0 0 0
第 7 条服务链：0 2
demand：100
NF：41
single COST: 5.6
12 31 38 40 41 40 38 31 11 -1 0 0 0 0 0 0
第 8 条服务链：1 1
demand：300
NF：41
single COST: 1.6
23 35 39 40 41 40 38 32 13 -1 0 0 0 0 0 0
第 9 条服务链：2 1
demand：30
NF：44
single COST: 2
4 29 37 39 36 44 36 39 38 32 14 -1 0 0 0 0
第 10 条服务链：3 2
demand：100
NF：43
single COST: 9.6
15 32 38 33 43 33 38 32 15 0 0 0 0 0 0 0
第 11 条服务链：4 1
demand：100
NF：44
single COST: 1.4
27 36 44 36 39 38 33 17 -1 0 0 0 0 0 0 0
第 12 条服务链：4 1
demand：30
NF：45
single COST: 1.8
9 30 37 39 40 45 40 38 33 18 -1 0 0 0 0 0
第 13 条服务链：2 1
demand：100
NF：45
single COST: 1.6
10 31 38 40 45 40 39 34 19 -1 0 0 0 0 0 0
第 14 条服务链：3 2
demand：100
NF：45
single COST: 9.6
12 31 38 40 45 40 39 34 21 -1 0 0 0 0 0 0
第 15 条服务链：2 1
demand：30
NF：45
single COST: 1.6
14 32 38 40 45 40 39 34 19 -1 0 0 0 0 0 0
第 16 条服务链：1 1
demand：300
NF：41
single COST: 1.6
16 33 38 40 41 40 39 34 20 -1 0 0 0 0 0 0
第 17 条服务链：4 1
demand：200
NF：43
single COST: 1.4
17 33 43 33 38 39 35 24 -1 0 0 0 0 0 0 0
第 18 条服务链：3 2
demand：30
NF：44
single COST: 9.4
18 33 38 39 36 44 36 26 0 0 0 0 0 0 0 0
第 19 条服务链：3 2
demand：30
NF：44
single COST: 9.2
19 34 39 36 44 36 26 0 0 0 0 0 0 0 0 0
第 20 条服务链：2 1
demand：30
NF：45
single COST: 1.6
21 34 39 40 45 40 38 33 18 -1 0 0 0 0 0 0

第 1 条服务链：1 1
demand：20
NF：41
single COST: 0
1 28 37 40 41 40 38 31 10 0 0 0 0 0 0 0
第 2 条服务链：0 2
demand：200
NF：41
single COST: 4
2 28 37 40 41 40 38 31 11 0 0 0 0 0 0 0
第 3 条服务链：1 1
demand：1000
NF：41
single COST: 0
3 28 37 38 40 41 40 39 38 32 13 0 0 0 0 0
第 4 条服务链：2 1
demand：20
NF：45
single COST: 0
4 29 37 38 40 45 40 38 32 14 0 0 0 0 0 0
第 5 条服务链：3 2
demand：200
NF：45
single COST: 8
5 29 37 40 45 40 38 32 15 -1 0 0 0 0 0 0
第 6 条服务链：4 1
demand：500
NF：45
single COST: 0
7 30 37 40 45 40 38 33 17 0 0 0 0 0 0 0
第 7 条服务链：4 1
demand：20
NF：45
single COST: 0
9 30 37 38 39 40 45 40 38 33 18 0 0 0 0 0
第 8 条服务链：4 1
demand：200
NF：45
single COST: 0
10 31 38 40 45 40 39 34 19 0 0 0 0 0 0 0
第 9 条服务链：3 2
demand：600
NF：45
single COST: 8
12 31 38 40 45 40 37 28 1 -1 0 0 0 0 0 0
第 10 条服务链：1 1
demand：20
NF：41
single COST: 0
14 32 38 37 40 41 40 37 39 34 19 0 0 0 0 0
第 11 条服务链：0 2
demand：200
NF：41
single COST: 4
16 33 38 39 40 41 40 39 34 20 0 0 0 0 0 0
第 12 条服务链：2 1
demand：700
NF：45
single COST: 0
17 33 38 40 45 40 39 35 24 0 0 0 0 0 0 0
第 13 条服务链：1 1
demand：20
NF：41
single COST: 0
18 33 38 40 41 40 39 36 26 0 0 0 0 0 0 0
第 14 条服务链：3 2
demand：200
NF：45
single COST: 8
19 34 39 40 45 40 37 29 6 -1 0 0 0 0 0 0
第 15 条服务链：2 1
demand：600
NF：45
single COST: 0
21 34 39 40 45 40 37 30 8 0 0 0 0 0 0 0
第 16 条服务链：1 1
demand：10
NF：41
single COST: 0
1 28 37 38 40 41 40 39 37 38 31 10 0 0 0 0
第 17 条服务链：0 2
demand：100
NF：41
single COST: 4
2 28 37 38 40 41 40 37 38 31 11 0 0 0 0 0
第 18 条服务链：1 1
demand：800
NF：41
single COST: 0
3 28 37 40 41 40 38 32 13 0 0 0 0 0 0 0
第 19 条服务链：2 1
demand：10
NF：45
single COST: 0
4 29 37 38 40 45 40 37 38 32 14 0 0 0 0 0
第 20 条服务链：3 2
demand：100
NF：45
single COST: 8
5 29 37 40 45 40 38 32 15 -1 0 0 0 0 0 0
第 21 条服务链：4 1
demand：90
NF：45
single COST: 0
7 30 37 40 45 40 38 33 17 0 0 0 0 0 0 0
第 22 条服务链：4 1
demand：10
NF：45
single COST: 0
9 30 37 40 45 40 38 33 18 0 0 0 0 0 0 0
第 23 条服务链：4 1
demand：100
NF：45
single COST: 0
10 31 38 37 40 45 40 39 34 19 0 0 0 0 0 0
第 24 条服务链：3 2
demand：100
NF：45
single COST: 8
12 31 38 40 45 40 37 28 1 0 0 0 0 0 0 0
第 25 条服务链：1 1
demand：10
NF：41
single COST: 0
14 32 38 40 41 40 39 34 19 0 0 0 0 0 0 0
第 26 条服务链：0 2
demand：100
NF：41
single COST: 4
16 33 38 40 41 40 39 34 20 0 0 0 0 0 0 0
第 27 条服务链：2 1
demand：250
NF：45
single COST: 0
17 33 38 39 40 45 40 39 35 24 0 0 0 0 0 0
第 28 条服务链：1 1
demand：10
NF：41
single COST: 0
18 33 38 37 40 41 40 39 36 26 0 0 0 0 0 0
第 29 条服务链：3 2
demand：100
NF：45
single COST: 8
19 34 39 40 45 40 37 29 6 0 0 0 0 0 0 0
第 30 条服务链：2 1
demand：200
NF：45
single COST: 0
21 34 39 38 40 45 40 39 37 30 8 0 0 0 0 0
node_used：
17 0 2 7 24
node_vnf_demand：
0 0 0 0 0 300 0 290 170 0 1940 2450
node_vnf_count：
0 0 0 0 0 3 0 1 2 0 7 25
139.6 + 0.5 + 15.2 = 155.3
20 3000
17 1500
17 1800
48 6100
16680

--------------------------------
Process exited after 0.6655 seconds with return value 0
请按任意键继续. . .