20 3000
20 3000
20 3000
53 8300
18248
741.7
选择已分配的服务链：
4 8 10 13
运行时间: 15 ms
82.5

运行时间: 15 ms
第 1 条服务链：1 1
demand：12
NF：42
single COST: 1.8
1 28 37 30 42 30 37 38 31 10 -1 0 0 0 0 0
第 2 条服务链：0 2
demand：120
NF：42
single COST: 5.8
2 28 37 30 42 30 37 38 31 11 -1 0 0 0 0 0
第 3 条服务链：1 1
demand：960
NF：41
single COST: 1.8
3 28 37 40 41 40 39 38 32 13 0 0 0 0 0 0
第 4 条服务链：2 1
demand：12
NF：45
single COST: 2
4 29 37 40 45 40 39 37 38 32 14 0 0 0 0 0
第 5 条服务链：3 2
demand：120
NF：42
single COST: 9.8
5 29 37 30 42 30 37 38 32 15 -1 0 0 0 0 0
第 6 条服务链：4 1
demand：108
NF：42
single COST: 1.4
7 30 42 30 37 38 33 17 -1 0 0 0 0 0 0 0
第 7 条服务链：4 1
demand：12
NF：42
single COST: 1.4
9 30 42 30 37 38 33 18 -1 0 0 0 0 0 0 0
第 8 条服务链：4 1
demand：120
NF：45
single COST: 1.6
10 31 38 40 45 40 39 34 19 -1 0 0 0 0 0 0
第 9 条服务链：3 2
demand：120
NF：42
single COST: 10
12 31 38 39 37 30 42 30 37 28 1 0 0 0 0 0
第 10 条服务链：1 1
demand：12
NF：41
single COST: 1.8
14 32 38 40 41 40 37 39 34 19 0 0 0 0 0 0

第 1 条服务链：1 1
demand：24
NF：41
single COST: 0
1 28 37 40 41 40 38 31 10 0 0 0 0 0 0 0
第 2 条服务链：0 2
demand：240
NF：41
single COST: 4
2 28 37 40 41 40 38 31 11 0 0 0 0 0 0 0
第 3 条服务链：1 1
demand：1200
NF：41
single COST: 0
3 28 37 40 41 40 38 32 13 0 0 0 0 0 0 0
第 4 条服务链：2 1
demand：24
NF：45
single COST: 0
4 29 37 40 45 40 38 32 14 0 0 0 0 0 0 0
第 5 条服务链：3 2
demand：240
NF：45
single COST: 8
5 29 37 40 45 40 38 32 15 -1 0 0 0 0 0 0
第 6 条服务链：4 1
demand：600
NF：45
single COST: 0
7 30 37 40 45 40 38 33 17 0 0 0 0 0 0 0
第 7 条服务链：4 1
demand：24
NF：45
single COST: 0
9 30 37 38 39 40 45 40 38 33 18 0 0 0 0 0
第 8 条服务链：4 1
demand：240
NF：45
single COST: 0
10 31 38 40 45 40 39 34 19 0 0 0 0 0 0 0
第 9 条服务链：3 2
demand：720
NF：45
single COST: 8
12 31 38 40 45 40 37 28 1 -1 0 0 0 0 0 0
第 10 条服务链：1 1
demand：24
NF：41
single COST: 0
14 32 38 40 41 40 39 34 19 0 0 0 0 0 0 0
第 11 条服务链：0 2
demand：240
NF：41
single COST: 4
16 33 38 37 40 41 40 39 34 20 -1 0 0 0 0 0
第 12 条服务链：2 1
demand：840
NF：45
single COST: 0
17 33 38 39 40 45 40 39 35 24 0 0 0 0 0 0
第 13 条服务链：1 1
demand：24
NF：41
single COST: 0
18 33 38 39 40 41 40 39 36 26 0 0 0 0 0 0
第 14 条服务链：3 2
demand：240
NF：45
single COST: 8
19 34 39 40 45 40 37 29 6 -1 0 0 0 0 0 0
第 15 条服务链：2 1
demand：720
NF：45
single COST: 0
21 34 39 40 45 40 38 37 30 8 0 0 0 0 0 0
node_used：
8 6 0 0 11
node_vnf_demand：
132 0 360 0 0 0 0 0 0 0 1596 2184
node_vnf_count：
1 0 4 0 0 0 0 0 0 0 6 22
69.4 + 0.3 + 13.2 = 82.9
15 900
20 3000
20 3000
52 7800
17276

--------------------------------
Process exited after 0.3085 seconds with return value 0
请按任意键继续. . .